Cancer site,Sex,Age group,Survival type,Stage,Survival time (years),Cohort,Country,Number of patients,Net survival,Net survival lower CI,Net survival upper CI
Anus,Men,15-54,Non-standardised,Stage 1,1-year,2013-2017,England,68,100.0,100.0,100.0
Anus,Men,55-64,Non-standardised,Stage 1,1-year,2013-2017,England,66,100.0,100.0,100.0
Anus,Men,65-74,Non-standardised,Stage 1,1-year,2013-2017,England,56,97.9,93.0,102.9
Anus,Men,75-99,Non-standardised,Stage 1,1-year,2013-2017,England,58,98.3,92.5,104.1
Anus,Men,All ages,Non-standardised,Stage 1,1-year,2013-2017,England,248,99.7,97.9,101.5
Anus,Men,All ages,Age-standardised,Stage 1,1-year,2013-2017,England,248,98.9,96.7,101.2
Anus,Men,15-54,Non-standardised,Stage 2,1-year,2013-2017,England,115,95.9,92.2,99.7
Anus,Men,55-64,Non-standardised,Stage 2,1-year,2013-2017,England,108,92.4,87.2,97.6
Anus,Men,65-74,Non-standardised,Stage 2,1-year,2013-2017,England,134,89.8,84.2,95.4
Anus,Men,75-99,Non-standardised,Stage 2,1-year,2013-2017,England,122,81.6,73.6,89.7
Anus,Men,All ages,Non-standardised,Stage 2,1-year,2013-2017,England,479,89.8,86.8,92.9
Anus,Men,All ages,Age-standardised,Stage 2,1-year,2013-2017,England,479,89.0,85.8,92.4
Anus,Men,15-44,Non-standardised,Stage 3,1-year,2013-2017,England,44,86.5,76.4,96.5
Anus,Men,45-54,Non-standardised,Stage 3,1-year,2013-2017,England,107,93.8,89.1,98.5
Anus,Men,55-64,Non-standardised,Stage 3,1-year,2013-2017,England,142,88.8,83.4,94.1
Anus,Men,65-74,Non-standardised,Stage 3,1-year,2013-2017,England,155,85.4,79.5,91.3
Anus,Men,75-99,Non-standardised,Stage 3,1-year,2013-2017,England,109,64.2,54.4,74.1
Anus,Men,All ages,Non-standardised,Stage 3,1-year,2013-2017,England,557,83.8,80.6,87.1
Anus,Men,All ages,Age-standardised,Stage 3,1-year,2013-2017,England,557,80.3,76.2,84.6
Anus,Men,15-44,Non-standardised,Stage 4,1-year,2013-2017,England,7,:,:,:
Anus,Men,45-54,Non-standardised,Stage 4,1-year,2013-2017,England,26,73.3,56.6,90.0
Anus,Men,55-64,Non-standardised,Stage 4,1-year,2013-2017,England,47,53.6,39.4,67.8
Anus,Men,65-74,Non-standardised,Stage 4,1-year,2013-2017,England,52,:,:,:
Anus,Men,75-99,Non-standardised,Stage 4,1-year,2013-2017,England,45,:,:,:
Anus,Men,All ages,Non-standardised,Stage 4,1-year,2013-2017,England,177,44.9,37.4,52.4
Anus,Men,All ages,Age-standardised,Stage 4,1-year,2013-2017,England,177,:,:,:
Anus,Men,15-54,Non-standardised,Unstageable,1-year,2013-2017,England,19,94.8,85.0,104.6
Anus,Men,55-64,Non-standardised,Unstageable,1-year,2013-2017,England,24,88.2,75.1,101.2
Anus,Men,65-74,Non-standardised,Unstageable,1-year,2013-2017,England,40,78.2,65.3,91.1
Anus,Men,75-99,Non-standardised,Unstageable,1-year,2013-2017,England,43,47.1,31.3,62.9
Anus,Men,All ages,Non-standardised,Unstageable,1-year,2013-2017,England,126,72.2,63.9,80.4
Anus,Men,All ages,Age-standardised,Unstageable,1-year,2013-2017,England,126,72.0,64.2,80.8
Anus,Men,15-44,Non-standardised,Unknown/missing,1-year,2013-2017,England,28,96.5,89.7,103.3
Anus,Men,45-54,Non-standardised,Unknown/missing,1-year,2013-2017,England,59,93.4,86.9,99.9
Anus,Men,55-64,Non-standardised,Unknown/missing,1-year,2013-2017,England,86,90.2,83.8,96.7
Anus,Men,65-74,Non-standardised,Unknown/missing,1-year,2013-2017,England,92,75.2,66.2,84.3
Anus,Men,75-99,Non-standardised,Unknown/missing,1-year,2013-2017,England,124,59.6,49.9,69.2
Anus,Men,All ages,Non-standardised,Unknown/missing,1-year,2013-2017,England,389,77.8,73.3,82.3
Anus,Men,All ages,Age-standardised,Unknown/missing,1-year,2013-2017,England,389,76.6,72.0,81.4
Anus,Men,15-44,Non-standardised,All stages combined,1-year,2013-2017,England,145,92.5,88.2,96.8
Anus,Men,45-54,Non-standardised,All stages combined,1-year,2013-2017,England,328,93.3,90.5,96.1
Anus,Men,55-64,Non-standardised,All stages combined,1-year,2013-2017,England,473,88.0,85.0,91.0
Anus,Men,65-74,Non-standardised,All stages combined,1-year,2013-2017,England,529,80.2,76.6,83.7
Anus,Men,75-99,Non-standardised,All stages combined,1-year,2013-2017,England,501,67.6,63.0,72.2
Anus,Men,All ages,Non-standardised,All stages combined,1-year,2013-2017,England,"1,976",81.9,80.1,83.8
Anus,Men,All ages,Age-standardised,All stages combined,1-year,2013-2017,England,"1,976",80.2,78.2,82.3
Anus,Men,15-44,Non-standardised,Stage 1,5-years,2013-2017,England,25,:,:,:
Anus,Men,45-54,Non-standardised,Stage 1,5-years,2013-2017,England,43,:,:,:
Anus,Men,55-64,Non-standardised,Stage 1,5-years,2013-2017,England,66,84.4,68.7,100.2
Anus,Men,65-74,Non-standardised,Stage 1,5-years,2013-2017,England,56,:,:,:
Anus,Men,75-99,Non-standardised,Stage 1,5-years,2013-2017,England,58,:,:,:
Anus,Men,All ages,Non-standardised,Stage 1,5-years,2013-2017,England,248,83.6,72.7,94.5
Anus,Men,All ages,Age-standardised,Stage 1,5-years,2013-2017,England,248,:,:,:
Anus,Men,15-44,Non-standardised,Stage 2,5-years,2013-2017,England,32,:,:,:
Anus,Men,45-54,Non-standardised,Stage 2,5-years,2013-2017,England,83,:,:,:
Anus,Men,55-64,Non-standardised,Stage 2,5-years,2013-2017,England,108,:,:,:
Anus,Men,65-74,Non-standardised,Stage 2,5-years,2013-2017,England,134,62.1,47.4,76.8
Anus,Men,75-99,Non-standardised,Stage 2,5-years,2013-2017,England,122,47.3,29.1,65.6
Anus,Men,All ages,Non-standardised,Stage 2,5-years,2013-2017,England,479,68.8,60.9,76.7
Anus,Men,All ages,Age-standardised,Stage 2,5-years,2013-2017,England,479,:,:,:
Anus,Men,15-44,Non-standardised,Stage 3,5-years,2013-2017,England,44,:,:,:
Anus,Men,45-54,Non-standardised,Stage 3,5-years,2013-2017,England,107,:,:,:
Anus,Men,55-64,Non-standardised,Stage 3,5-years,2013-2017,England,142,:,:,:
Anus,Men,65-74,Non-standardised,Stage 3,5-years,2013-2017,England,155,48.8,34.7,62.9
Anus,Men,75-99,Non-standardised,Stage 3,5-years,2013-2017,England,109,:,:,:
Anus,Men,All ages,Non-standardised,Stage 3,5-years,2013-2017,England,557,53.6,47.2,60.0
Anus,Men,All ages,Age-standardised,Stage 3,5-years,2013-2017,England,557,:,:,:
Anus,Men,15-44,Non-standardised,Stage 4,5-years,2013-2017,England,7,:,:,:
Anus,Men,45-54,Non-standardised,Stage 4,5-years,2013-2017,England,26,:,:,:
Anus,Men,55-64,Non-standardised,Stage 4,5-years,2013-2017,England,47,:,:,:
Anus,Men,65-74,Non-standardised,Stage 4,5-years,2013-2017,England,52,:,:,:
Anus,Men,75-99,Non-standardised,Stage 4,5-years,2013-2017,England,45,:,:,:
Anus,Men,All ages,Non-standardised,Stage 4,5-years,2013-2017,England,177,:,:,:
Anus,Men,All ages,Age-standardised,Stage 4,5-years,2013-2017,England,177,:,:,:
Anus,Men,15-44,Non-standardised,Unstageable,5-years,2013-2017,England,9,:,:,:
Anus,Men,45-54,Non-standardised,Unstageable,5-years,2013-2017,England,10,:,:,:
Anus,Men,55-64,Non-standardised,Unstageable,5-years,2013-2017,England,24,:,:,:
Anus,Men,65-74,Non-standardised,Unstageable,5-years,2013-2017,England,40,:,:,:
Anus,Men,75-99,Non-standardised,Unstageable,5-years,2013-2017,England,43,:,:,:
Anus,Men,All ages,Non-standardised,Unstageable,5-years,2013-2017,England,126,:,:,:
Anus,Men,All ages,Age-standardised,Unstageable,5-years,2013-2017,England,126,:,:,:
Anus,Men,15-44,Non-standardised,Unknown/missing,5-years,2013-2017,England,28,:,:,:
Anus,Men,45-54,Non-standardised,Unknown/missing,5-years,2013-2017,England,59,:,:,:
Anus,Men,55-64,Non-standardised,Unknown/missing,5-years,2013-2017,England,86,59.9,46.1,73.7
Anus,Men,65-74,Non-standardised,Unknown/missing,5-years,2013-2017,England,92,52.3,39.2,65.4
Anus,Men,75-99,Non-standardised,Unknown/missing,5-years,2013-2017,England,124,:,:,:
Anus,Men,All ages,Non-standardised,Unknown/missing,5-years,2013-2017,England,389,48.8,41.7,55.9
Anus,Men,All ages,Age-standardised,Unknown/missing,5-years,2013-2017,England,389,:,:,:
Anus,Men,15-44,Non-standardised,All stages combined,5-years,2013-2017,England,145,73.7,63.7,83.6
Anus,Men,45-54,Non-standardised,All stages combined,5-years,2013-2017,England,328,68.3,61.9,74.8
Anus,Men,55-64,Non-standardised,All stages combined,5-years,2013-2017,England,473,62.9,56.7,69.1
Anus,Men,65-74,Non-standardised,All stages combined,5-years,2013-2017,England,529,52.6,45.8,59.3
Anus,Men,75-99,Non-standardised,All stages combined,5-years,2013-2017,England,501,36.2,28.3,44.2
Anus,Men,All ages,Non-standardised,All stages combined,5-years,2013-2017,England,"1,976",55.0,51.4,58.5
Anus,Men,All ages,Age-standardised,All stages combined,5-years,2013-2017,England,"1,976",52.0,48.0,56.2
Anus,Women,15-54,Non-standardised,Stage 1,1-year,2013-2017,England,128,98.6,96.4,100.7
Anus,Women,55-64,Non-standardised,Stage 1,1-year,2013-2017,England,133,99.3,97.9,100.8
Anus,Women,65-74,Non-standardised,Stage 1,1-year,2013-2017,England,108,98.4,95.2,101.5
Anus,Women,75-99,Non-standardised,Stage 1,1-year,2013-2017,England,82,99.8,94.9,104.7
Anus,Women,All ages,Non-standardised,Stage 1,1-year,2013-2017,England,451,99.1,97.7,100.5
Anus,Women,All ages,Age-standardised,Stage 1,1-year,2013-2017,England,451,99.1,97.3,100.8
Anus,Women,15-44,Non-standardised,Stage 2,1-year,2013-2017,England,40,92.6,84.5,100.6
Anus,Women,45-54,Non-standardised,Stage 2,1-year,2013-2017,England,140,98.8,96.8,100.7
Anus,Women,55-64,Non-standardised,Stage 2,1-year,2013-2017,England,215,96.7,94.1,99.2
Anus,Women,65-74,Non-standardised,Stage 2,1-year,2013-2017,England,245,96.2,93.5,99.0
Anus,Women,75-99,Non-standardised,Stage 2,1-year,2013-2017,England,210,91.2,86.3,96.1
Anus,Women,All ages,Non-standardised,Stage 2,1-year,2013-2017,England,850,95.4,93.7,97.1
Anus,Women,All ages,Age-standardised,Stage 2,1-year,2013-2017,England,850,94.9,93.0,96.8
Anus,Women,15-44,Non-standardised,Stage 3,1-year,2013-2017,England,88,96.7,92.9,100.4
Anus,Women,45-54,Non-standardised,Stage 3,1-year,2013-2017,England,271,95.0,92.4,97.7
Anus,Women,55-64,Non-standardised,Stage 3,1-year,2013-2017,England,382,97.9,96.3,99.5
Anus,Women,65-74,Non-standardised,Stage 3,1-year,2013-2017,England,344,93.2,90.3,96.1
Anus,Women,75-99,Non-standardised,Stage 3,1-year,2013-2017,England,283,81.7,76.6,86.9
Anus,Women,All ages,Non-standardised,Stage 3,1-year,2013-2017,England,"1,368",92.8,91.3,94.3
Anus,Women,All ages,Age-standardised,Stage 3,1-year,2013-2017,England,"1,368",91.2,89.3,93.1
Anus,Women,15-44,Non-standardised,Stage 4,1-year,2013-2017,England,17,76.5,57.0,96.0
Anus,Women,45-54,Non-standardised,Stage 4,1-year,2013-2017,England,56,80.6,70.2,90.9
Anus,Women,55-64,Non-standardised,Stage 4,1-year,2013-2017,England,59,57.9,45.4,70.5
Anus,Women,65-74,Non-standardised,Stage 4,1-year,2013-2017,England,98,60.1,50.2,70.0
Anus,Women,75-99,Non-standardised,Stage 4,1-year,2013-2017,England,87,48.5,37.5,59.5
Anus,Women,All ages,Non-standardised,Stage 4,1-year,2013-2017,England,317,61.0,55.5,66.5
Anus,Women,All ages,Age-standardised,Stage 4,1-year,2013-2017,England,317,59.0,53.5,65.1
Anus,Women,15-54,Non-standardised,Unstageable,1-year,2013-2017,England,34,88.4,77.8,99.0
Anus,Women,55-64,Non-standardised,Unstageable,1-year,2013-2017,England,56,83.7,73.8,93.6
Anus,Women,65-74,Non-standardised,Unstageable,1-year,2013-2017,England,61,79.6,69.3,90.0
Anus,Women,75-99,Non-standardised,Unstageable,1-year,2013-2017,England,99,66.8,56.7,76.9
Anus,Women,All ages,Non-standardised,Unstageable,1-year,2013-2017,England,250,76.8,71.2,82.4
Anus,Women,All ages,Age-standardised,Unstageable,1-year,2013-2017,England,250,78.1,73.0,83.6
Anus,Women,15-44,Non-standardised,Unknown/missing,1-year,2013-2017,England,55,94.6,88.7,100.6
Anus,Women,45-54,Non-standardised,Unknown/missing,1-year,2013-2017,England,109,96.5,93.0,100.0
Anus,Women,55-64,Non-standardised,Unknown/missing,1-year,2013-2017,England,133,90.6,85.5,95.6
Anus,Women,65-74,Non-standardised,Unknown/missing,1-year,2013-2017,England,114,87.7,81.4,94.0
Anus,Women,75-99,Non-standardised,Unknown/missing,1-year,2013-2017,England,213,58.1,50.8,65.4
Anus,Women,All ages,Non-standardised,Unknown/missing,1-year,2013-2017,England,624,80.4,77.0,83.7
Anus,Women,All ages,Age-standardised,Unknown/missing,1-year,2013-2017,England,624,79.7,76.3,83.3
Anus,Women,15-44,Non-standardised,All stages combined,1-year,2013-2017,England,243,93.9,90.9,96.9
Anus,Women,45-54,Non-standardised,All stages combined,1-year,2013-2017,England,695,95.2,93.5,96.8
Anus,Women,55-64,Non-standardised,All stages combined,1-year,2013-2017,England,978,93.7,92.1,95.3
Anus,Women,65-74,Non-standardised,All stages combined,1-year,2013-2017,England,970,89.8,87.8,91.8
Anus,Women,75-99,Non-standardised,All stages combined,1-year,2013-2017,England,974,75.8,72.8,78.9
Anus,Women,All ages,Non-standardised,All stages combined,1-year,2013-2017,England,"3,860",88.5,87.4,89.6
Anus,Women,All ages,Age-standardised,All stages combined,1-year,2013-2017,England,"3,860",87.2,86.0,88.5
Anus,Women,15-44,Non-standardised,Stage 1,5-years,2013-2017,England,33,:,:,:
Anus,Women,45-54,Non-standardised,Stage 1,5-years,2013-2017,England,95,:,:,:
Anus,Women,55-64,Non-standardised,Stage 1,5-years,2013-2017,England,133,:,:,:
Anus,Women,65-74,Non-standardised,Stage 1,5-years,2013-2017,England,108,:,:,:
Anus,Women,75-99,Non-standardised,Stage 1,5-years,2013-2017,England,82,:,:,:
Anus,Women,All ages,Non-standardised,Stage 1,5-years,2013-2017,England,451,89.4,82.4,96.4
Anus,Women,All ages,Age-standardised,Stage 1,5-years,2013-2017,England,451,:,:,:
Anus,Women,15-44,Non-standardised,Stage 2,5-years,2013-2017,England,40,:,:,:
Anus,Women,45-54,Non-standardised,Stage 2,5-years,2013-2017,England,140,83.2,69.7,96.6
Anus,Women,55-64,Non-standardised,Stage 2,5-years,2013-2017,England,215,:,:,:
Anus,Women,65-74,Non-standardised,Stage 2,5-years,2013-2017,England,245,:,:,:
Anus,Women,75-99,Non-standardised,Stage 2,5-years,2013-2017,England,210,60.7,45.8,75.6
Anus,Women,All ages,Non-standardised,Stage 2,5-years,2013-2017,England,850,81.6,76.4,86.7
Anus,Women,All ages,Age-standardised,Stage 2,5-years,2013-2017,England,850,:,:,:
Anus,Women,15-44,Non-standardised,Stage 3,5-years,2013-2017,England,88,:,:,:
Anus,Women,45-54,Non-standardised,Stage 3,5-years,2013-2017,England,271,:,:,:
Anus,Women,55-64,Non-standardised,Stage 3,5-years,2013-2017,England,382,76.1,69.5,82.7
Anus,Women,65-74,Non-standardised,Stage 3,5-years,2013-2017,England,344,71.3,63.4,79.1
Anus,Women,75-99,Non-standardised,Stage 3,5-years,2013-2017,England,283,34.7,22.3,47.2
Anus,Women,All ages,Non-standardised,Stage 3,5-years,2013-2017,England,"1,368",65.8,61.3,70.3
Anus,Women,All ages,Age-standardised,Stage 3,5-years,2013-2017,England,"1,368",:,:,:
Anus,Women,15-44,Non-standardised,Stage 4,5-years,2013-2017,England,17,:,:,:
Anus,Women,45-54,Non-standardised,Stage 4,5-years,2013-2017,England,56,:,:,:
Anus,Women,55-64,Non-standardised,Stage 4,5-years,2013-2017,England,59,:,:,:
Anus,Women,65-74,Non-standardised,Stage 4,5-years,2013-2017,England,98,:,:,:
Anus,Women,75-99,Non-standardised,Stage 4,5-years,2013-2017,England,87,:,:,:
Anus,Women,All ages,Non-standardised,Stage 4,5-years,2013-2017,England,317,:,:,:
Anus,Women,All ages,Age-standardised,Stage 4,5-years,2013-2017,England,317,:,:,:
Anus,Women,15-44,Non-standardised,Unstageable,5-years,2013-2017,England,10,:,:,:
Anus,Women,45-54,Non-standardised,Unstageable,5-years,2013-2017,England,24,:,:,:
Anus,Women,55-64,Non-standardised,Unstageable,5-years,2013-2017,England,56,:,:,:
Anus,Women,65-74,Non-standardised,Unstageable,5-years,2013-2017,England,61,55.5,41.0,69.9
Anus,Women,75-99,Non-standardised,Unstageable,5-years,2013-2017,England,99,:,:,:
Anus,Women,All ages,Non-standardised,Unstageable,5-years,2013-2017,England,250,47.8,38.2,57.4
Anus,Women,All ages,Age-standardised,Unstageable,5-years,2013-2017,England,250,:,:,:
Anus,Women,15-44,Non-standardised,Unknown/missing,5-years,2013-2017,England,55,:,:,:
Anus,Women,45-54,Non-standardised,Unknown/missing,5-years,2013-2017,England,109,85.2,76.7,93.8
Anus,Women,55-64,Non-standardised,Unknown/missing,5-years,2013-2017,England,133,71.1,60.3,81.8
Anus,Women,65-74,Non-standardised,Unknown/missing,5-years,2013-2017,England,114,:,:,:
Anus,Women,75-99,Non-standardised,Unknown/missing,5-years,2013-2017,England,213,26.0,16.3,35.7
Anus,Women,All ages,Non-standardised,Unknown/missing,5-years,2013-2017,England,624,60.5,55.0,66.0
Anus,Women,All ages,Age-standardised,Unknown/missing,5-years,2013-2017,England,624,:,:,:
Anus,Women,15-54,Non-standardised,All stages combined,5-years,2013-2017,England,938,77.2,73.3,81.0
Anus,Women,55-64,Non-standardised,All stages combined,5-years,2013-2017,England,978,78.0,74.4,81.7
Anus,Women,65-74,Non-standardised,All stages combined,5-years,2013-2017,England,970,73.2,68.9,77.5
Anus,Women,75-99,Non-standardised,All stages combined,5-years,2013-2017,England,974,38.4,31.9,44.9
Anus,Women,All ages,Non-standardised,All stages combined,5-years,2013-2017,England,"3,860",66.6,64.1,69.1
Anus,Women,All ages,Age-standardised,All stages combined,5-years,2013-2017,England,"3,860",62.2,58.9,65.6
Anus,Persons,15-54,Non-standardised,Stage 1,1-year,2013-2017,England,196,99.1,97.7,100.6
Anus,Persons,55-64,Non-standardised,Stage 1,1-year,2013-2017,England,199,99.6,98.6,100.6
Anus,Persons,65-74,Non-standardised,Stage 1,1-year,2013-2017,England,164,98.3,95.7,101.0
Anus,Persons,75-99,Non-standardised,Stage 1,1-year,2013-2017,England,140,100.3,96.5,104.0
Anus,Persons,All ages,Non-standardised,Stage 1,1-year,2013-2017,England,699,99.5,98.4,100.6
Anus,Persons,All ages,Age-standardised,Stage 1,1-year,2013-2017,England,699,99.3,98.0,100.7
Anus,Persons,15-44,Non-standardised,Stage 2,1-year,2013-2017,England,72,94.6,89.3,99.8
Anus,Persons,45-54,Non-standardised,Stage 2,1-year,2013-2017,England,223,97.6,95.5,99.7
Anus,Persons,55-64,Non-standardised,Stage 2,1-year,2013-2017,England,323,95.3,92.8,97.7
Anus,Persons,65-74,Non-standardised,Stage 2,1-year,2013-2017,England,379,94.0,91.3,96.7
Anus,Persons,75-99,Non-standardised,Stage 2,1-year,2013-2017,England,332,87.8,83.4,92.1
Anus,Persons,All ages,Non-standardised,Stage 2,1-year,2013-2017,England,"1,329",93.4,91.8,94.9
Anus,Persons,All ages,Age-standardised,Stage 2,1-year,2013-2017,England,"1,329",92.9,91.2,94.6
Anus,Persons,15-44,Non-standardised,Stage 3,1-year,2013-2017,England,132,93.3,89.0,97.6
Anus,Persons,45-54,Non-standardised,Stage 3,1-year,2013-2017,England,378,94.7,92.4,97.0
Anus,Persons,55-64,Non-standardised,Stage 3,1-year,2013-2017,England,524,95.4,93.5,97.3
Anus,Persons,65-74,Non-standardised,Stage 3,1-year,2013-2017,England,499,90.8,88.1,93.5
Anus,Persons,75-99,Non-standardised,Stage 3,1-year,2013-2017,England,392,77.0,72.3,81.7
Anus,Persons,All ages,Non-standardised,Stage 3,1-year,2013-2017,England,"1,925",90.2,88.8,91.7
Anus,Persons,All ages,Age-standardised,Stage 3,1-year,2013-2017,England,"1,925",88.2,86.4,90.0
Anus,Persons,15-44,Non-standardised,Stage 4,1-year,2013-2017,England,24,70.9,53.2,88.7
Anus,Persons,45-54,Non-standardised,Stage 4,1-year,2013-2017,England,82,78.3,69.3,87.2
Anus,Persons,55-64,Non-standardised,Stage 4,1-year,2013-2017,England,106,56.0,46.6,65.5
Anus,Persons,65-74,Non-standardised,Stage 4,1-year,2013-2017,England,150,49.3,41.2,57.4
Anus,Persons,75-99,Non-standardised,Stage 4,1-year,2013-2017,England,132,44.0,35.1,53.0
Anus,Persons,All ages,Non-standardised,Stage 4,1-year,2013-2017,England,494,55.2,50.7,59.7
Anus,Persons,All ages,Age-standardised,Stage 4,1-year,2013-2017,England,494,53.3,48.8,58.2
Anus,Persons,15-44,Non-standardised,Unstageable,1-year,2013-2017,England,19,94.7,85.0,104.5
Anus,Persons,45-54,Non-standardised,Unstageable,1-year,2013-2017,England,34,88.4,77.8,99.0
Anus,Persons,55-64,Non-standardised,Unstageable,1-year,2013-2017,England,80,85.1,77.1,93.1
Anus,Persons,65-74,Non-standardised,Unstageable,1-year,2013-2017,England,101,79.3,71.2,87.4
Anus,Persons,75-99,Non-standardised,Unstageable,1-year,2013-2017,England,142,61.1,52.4,69.8
Anus,Persons,All ages,Non-standardised,Unstageable,1-year,2013-2017,England,376,75.3,70.6,79.9
Anus,Persons,All ages,Age-standardised,Unstageable,1-year,2013-2017,England,376,76.7,72.4,81.2
Anus,Persons,15-44,Non-standardised,Unknown/missing,1-year,2013-2017,England,83,95.3,90.7,99.8
Anus,Persons,45-54,Non-standardised,Unknown/missing,1-year,2013-2017,England,168,95.5,92.2,98.7
Anus,Persons,55-64,Non-standardised,Unknown/missing,1-year,2013-2017,England,219,90.5,86.5,94.5
Anus,Persons,65-74,Non-standardised,Unknown/missing,1-year,2013-2017,England,206,82.1,76.7,87.5
Anus,Persons,75-99,Non-standardised,Unknown/missing,1-year,2013-2017,England,337,58.6,52.8,64.5
Anus,Persons,All ages,Non-standardised,Unknown/missing,1-year,2013-2017,England,"1,013",79.4,76.7,82.1
Anus,Persons,All ages,Age-standardised,Unknown/missing,1-year,2013-2017,England,"1,013",78.3,75.5,81.3
Anus,Persons,15-44,Non-standardised,All stages combined,1-year,2013-2017,England,388,93.4,90.9,95.9
Anus,Persons,45-54,Non-standardised,All stages combined,1-year,2013-2017,England,"1,023",94.6,93.1,96.0
Anus,Persons,55-64,Non-standardised,All stages combined,1-year,2013-2017,England,"1,451",91.9,90.4,93.3
Anus,Persons,65-74,Non-standardised,All stages combined,1-year,2013-2017,England,"1,499",86.4,84.5,88.2
Anus,Persons,75-99,Non-standardised,All stages combined,1-year,2013-2017,England,"1,475",73.0,70.5,75.6
Anus,Persons,All ages,Non-standardised,All stages combined,1-year,2013-2017,England,"5,836",86.3,85.3,87.2
Anus,Persons,All ages,Age-standardised,All stages combined,1-year,2013-2017,England,"5,836",84.8,83.8,85.9
Anus,Persons,15-44,Non-standardised,Stage 1,5-years,2013-2017,England,58,:,:,:
Anus,Persons,45-54,Non-standardised,Stage 1,5-years,2013-2017,England,138,:,:,:
Anus,Persons,55-64,Non-standardised,Stage 1,5-years,2013-2017,England,199,91.6,84.1,99.0
Anus,Persons,65-74,Non-standardised,Stage 1,5-years,2013-2017,England,164,:,:,:
Anus,Persons,75-99,Non-standardised,Stage 1,5-years,2013-2017,England,140,72.0,47.4,96.5
Anus,Persons,All ages,Non-standardised,Stage 1,5-years,2013-2017,England,699,87.4,81.4,93.4
Anus,Persons,All ages,Age-standardised,Stage 1,5-years,2013-2017,England,699,:,:,:
Anus,Persons,15-44,Non-standardised,Stage 2,5-years,2013-2017,England,72,:,:,:
Anus,Persons,45-54,Non-standardised,Stage 2,5-years,2013-2017,England,223,83.5,74.2,92.7
Anus,Persons,55-64,Non-standardised,Stage 2,5-years,2013-2017,England,323,:,:,:
Anus,Persons,65-74,Non-standardised,Stage 2,5-years,2013-2017,England,379,78.4,70.7,86.2
Anus,Persons,75-99,Non-standardised,Stage 2,5-years,2013-2017,England,332,55.7,44.0,67.4
Anus,Persons,All ages,Non-standardised,Stage 2,5-years,2013-2017,England,"1,329",77.0,72.7,81.4
Anus,Persons,All ages,Age-standardised,Stage 2,5-years,2013-2017,England,"1,329",:,:,:
Anus,Persons,15-44,Non-standardised,Stage 3,5-years,2013-2017,England,132,:,:,:
Anus,Persons,45-54,Non-standardised,Stage 3,5-years,2013-2017,England,378,:,:,:
Anus,Persons,55-64,Non-standardised,Stage 3,5-years,2013-2017,England,524,71.6,65.8,77.3
Anus,Persons,65-74,Non-standardised,Stage 3,5-years,2013-2017,England,499,64.1,56.9,71.4
Anus,Persons,75-99,Non-standardised,Stage 3,5-years,2013-2017,England,392,34.7,24.4,45.1
Anus,Persons,All ages,Non-standardised,Stage 3,5-years,2013-2017,England,"1,925",62.3,58.6,66.0
Anus,Persons,All ages,Age-standardised,Stage 3,5-years,2013-2017,England,"1,925",:,:,:
Anus,Persons,15-44,Non-standardised,Stage 4,5-years,2013-2017,England,24,:,:,:
Anus,Persons,45-54,Non-standardised,Stage 4,5-years,2013-2017,England,82,:,:,:
Anus,Persons,55-64,Non-standardised,Stage 4,5-years,2013-2017,England,106,:,:,:
Anus,Persons,65-74,Non-standardised,Stage 4,5-years,2013-2017,England,150,:,:,:
Anus,Persons,75-99,Non-standardised,Stage 4,5-years,2013-2017,England,132,:,:,:
Anus,Persons,All ages,Non-standardised,Stage 4,5-years,2013-2017,England,494,:,:,:
Anus,Persons,All ages,Age-standardised,Stage 4,5-years,2013-2017,England,494,:,:,:
Anus,Persons,15-44,Non-standardised,Unstageable,5-years,2013-2017,England,19,:,:,:
Anus,Persons,45-54,Non-standardised,Unstageable,5-years,2013-2017,England,34,:,:,:
Anus,Persons,55-64,Non-standardised,Unstageable,5-years,2013-2017,England,80,:,:,:
Anus,Persons,65-74,Non-standardised,Unstageable,5-years,2013-2017,England,101,54.5,42.9,66.2
Anus,Persons,75-99,Non-standardised,Unstageable,5-years,2013-2017,England,142,:,:,:
Anus,Persons,All ages,Non-standardised,Unstageable,5-years,2013-2017,England,376,48.4,40.9,55.9
Anus,Persons,All ages,Age-standardised,Unstageable,5-years,2013-2017,England,376,:,:,:
Anus,Persons,15-54,Non-standardised,Unknown/missing,5-years,2013-2017,England,251,80.3,74.2,86.4
Anus,Persons,55-64,Non-standardised,Unknown/missing,5-years,2013-2017,England,219,66.6,58.0,75.2
Anus,Persons,65-74,Non-standardised,Unknown/missing,5-years,2013-2017,England,206,66.5,57.9,75.2
Anus,Persons,75-99,Non-standardised,Unknown/missing,5-years,2013-2017,England,337,24.2,16.7,31.8
Anus,Persons,All ages,Non-standardised,Unknown/missing,5-years,2013-2017,England,"1,013",55.7,51.3,60.1
Anus,Persons,All ages,Age-standardised,Unknown/missing,5-years,2013-2017,England,"1,013",51.5,46.4,57.1
Anus,Persons,15-44,Non-standardised,All stages combined,5-years,2013-2017,England,388,73.8,68.1,79.5
Anus,Persons,45-54,Non-standardised,All stages combined,5-years,2013-2017,England,"1,023",75.1,71.4,78.9
Anus,Persons,55-64,Non-standardised,All stages combined,5-years,2013-2017,England,"1,451",73.1,69.9,76.3
Anus,Persons,65-74,Non-standardised,All stages combined,5-years,2013-2017,England,"1,499",65.7,61.9,69.5
Anus,Persons,75-99,Non-standardised,All stages combined,5-years,2013-2017,England,"1,475",37.7,32.7,42.8
Anus,Persons,All ages,Non-standardised,All stages combined,5-years,2013-2017,England,"5,836",62.6,60.6,64.7
Anus,Persons,All ages,Age-standardised,All stages combined,5-years,2013-2017,England,"5,836",58.7,56.2,61.4
Bladder,Men,15-44,Non-standardised,Stage 1,1-year,2013-2017,England,102,97.2,93.9,100.5
Bladder,Men,45-54,Non-standardised,Stage 1,1-year,2013-2017,England,500,97.9,96.6,99.3
Bladder,Men,55-64,Non-standardised,Stage 1,1-year,2013-2017,England,"1,682",98.0,97.2,98.8
Bladder,Men,65-74,Non-standardised,Stage 1,1-year,2013-2017,England,"4,145",96.5,95.8,97.2
Bladder,Men,75-99,Non-standardised,Stage 1,1-year,2013-2017,England,"6,734",92.7,91.8,93.6
Bladder,Men,All ages,Non-standardised,Stage 1,1-year,2013-2017,England,"13,163",94.8,94.3,95.3
Bladder,Men,All ages,Age-standardised,Stage 1,1-year,2013-2017,England,"13,163",95.9,95.5,96.4
Bladder,Men,15-44,Non-standardised,Stage 2,1-year,2013-2017,England,35,80.1,67.0,93.2
Bladder,Men,45-54,Non-standardised,Stage 2,1-year,2013-2017,England,261,85.0,80.6,89.4
Bladder,Men,55-64,Non-standardised,Stage 2,1-year,2013-2017,England,830,85.6,83.2,88.1
Bladder,Men,65-74,Non-standardised,Stage 2,1-year,2013-2017,England,"2,110",80.6,78.8,82.4
Bladder,Men,75-99,Non-standardised,Stage 2,1-year,2013-2017,England,"4,012",64.3,62.7,66.0
Bladder,Men,All ages,Non-standardised,Stage 2,1-year,2013-2017,England,"7,248",72.3,71.2,73.4
Bladder,Men,All ages,Age-standardised,Stage 2,1-year,2013-2017,England,"7,248",77.0,75.7,78.4
Bladder,Men,15-44,Non-standardised,Stage 3,1-year,2013-2017,England,21,81.1,64.7,97.5
Bladder,Men,45-54,Non-standardised,Stage 3,1-year,2013-2017,England,77,83.4,75.1,91.7
Bladder,Men,55-64,Non-standardised,Stage 3,1-year,2013-2017,England,214,78.2,72.5,83.8
Bladder,Men,65-74,Non-standardised,Stage 3,1-year,2013-2017,England,592,75.5,71.9,79.1
Bladder,Men,75-99,Non-standardised,Stage 3,1-year,2013-2017,England,841,59.8,56.1,63.4
Bladder,Men,All ages,Non-standardised,Stage 3,1-year,2013-2017,England,"1,745",68.6,66.3,71.0
Bladder,Men,All ages,Age-standardised,Stage 3,1-year,2013-2017,England,"1,745",72.3,69.9,74.8
Bladder,Men,15-44,Non-standardised,Stage 4,1-year,2013-2017,England,47,47.9,33.7,62.1
Bladder,Men,45-54,Non-standardised,Stage 4,1-year,2013-2017,England,181,44.9,37.6,52.1
Bladder,Men,55-64,Non-standardised,Stage 4,1-year,2013-2017,England,539,42.3,38.1,46.5
Bladder,Men,65-74,Non-standardised,Stage 4,1-year,2013-2017,England,"1,388",43.0,40.4,45.7
Bladder,Men,75-99,Non-standardised,Stage 4,1-year,2013-2017,England,"2,132",28.3,26.3,30.3
Bladder,Men,All ages,Non-standardised,Stage 4,1-year,2013-2017,England,"4,287",35.8,34.3,37.2
Bladder,Men,All ages,Age-standardised,Stage 4,1-year,2013-2017,England,"4,287",38.5,36.7,40.2
Bladder,Men,15-44,Non-standardised,Unstageable,1-year,2013-2017,England,4,:,:,:
Bladder,Men,45-54,Non-standardised,Unstageable,1-year,2013-2017,England,6,:,:,:
Bladder,Men,55-64,Non-standardised,Unstageable,1-year,2013-2017,England,5,:,:,:
Bladder,Men,65-74,Non-standardised,Unstageable,1-year,2013-2017,England,24,63.6,44.4,82.8
Bladder,Men,75-99,Non-standardised,Unstageable,1-year,2013-2017,England,32,47.1,29.0,65.2
Bladder,Men,All ages,Non-standardised,Unstageable,1-year,2013-2017,England,71,59.7,47.8,71.5
Bladder,Men,All ages,Age-standardised,Unstageable,1-year,2013-2017,England,71,:,:,:
Bladder,Men,15-44,Non-standardised,Unknown/missing,1-year,2013-2017,England,30,96.7,90.4,103.0
Bladder,Men,45-54,Non-standardised,Unknown/missing,1-year,2013-2017,England,124,76.3,68.7,83.9
Bladder,Men,55-64,Non-standardised,Unknown/missing,1-year,2013-2017,England,346,81.3,77.1,85.5
Bladder,Men,65-74,Non-standardised,Unknown/missing,1-year,2013-2017,England,"1,059",69.1,66.2,72.0
Bladder,Men,75-99,Non-standardised,Unknown/missing,1-year,2013-2017,England,"3,008",46.9,45.0,48.9
Bladder,Men,All ages,Non-standardised,Unknown/missing,1-year,2013-2017,England,"4,567",55.8,54.2,57.3
Bladder,Men,All ages,Age-standardised,Unknown/missing,1-year,2013-2017,England,"4,567",66.4,64.8,68.1
Bladder,Men,15-44,Non-standardised,All stages combined,1-year,2013-2017,England,239,83.3,78.6,88.1
Bladder,Men,45-54,Non-standardised,All stages combined,1-year,2013-2017,England,"1,149",83.4,81.2,85.6
Bladder,Men,55-64,Non-standardised,All stages combined,1-year,2013-2017,England,"3,616",84.0,82.8,85.3
Bladder,Men,65-74,Non-standardised,All stages combined,1-year,2013-2017,England,"9,318",80.4,79.5,81.2
Bladder,Men,75-99,Non-standardised,All stages combined,1-year,2013-2017,England,"16,759",67.8,67.0,68.6
Bladder,Men,All ages,Non-standardised,All stages combined,1-year,2013-2017,England,"31,081",74.1,73.6,74.7
Bladder,Men,All ages,Age-standardised,All stages combined,1-year,2013-2017,England,"31,081",77.8,77.2,78.4
Bladder,Men,15-54,Non-standardised,Stage 1,5-years,2013-2017,England,602,84.7,80.3,89.1
Bladder,Men,55-64,Non-standardised,Stage 1,5-years,2013-2017,England,"1,682",87.6,85.0,90.2
Bladder,Men,65-74,Non-standardised,Stage 1,5-years,2013-2017,England,"4,145",81.2,79.1,83.4
Bladder,Men,75-99,Non-standardised,Stage 1,5-years,2013-2017,England,"6,734",69.7,66.5,72.9
Bladder,Men,All ages,Non-standardised,Stage 1,5-years,2013-2017,England,"13,163",76.3,74.5,78.2
Bladder,Men,All ages,Age-standardised,Stage 1,5-years,2013-2017,England,"13,163",79.7,78.2,81.3
Bladder,Men,15-54,Non-standardised,Stage 2,5-years,2013-2017,England,296,57.9,50.6,65.2
Bladder,Men,55-64,Non-standardised,Stage 2,5-years,2013-2017,England,830,54.7,50.3,59.2
Bladder,Men,65-74,Non-standardised,Stage 2,5-years,2013-2017,England,"2,110",54.0,50.9,57.1
Bladder,Men,75-99,Non-standardised,Stage 2,5-years,2013-2017,England,"4,012",34.0,31.1,36.9
Bladder,Men,All ages,Non-standardised,Stage 2,5-years,2013-2017,England,"7,248",43.2,41.3,45.2
Bladder,Men,All ages,Age-standardised,Stage 2,5-years,2013-2017,England,"7,248",48.0,46.0,50.1
Bladder,Men,15-44,Non-standardised,Stage 3,5-years,2013-2017,England,21,:,:,:
Bladder,Men,45-54,Non-standardised,Stage 3,5-years,2013-2017,England,77,:,:,:
Bladder,Men,55-64,Non-standardised,Stage 3,5-years,2013-2017,England,214,51.5,43.1,59.9
Bladder,Men,65-74,Non-standardised,Stage 3,5-years,2013-2017,England,592,48.0,42.4,53.7
Bladder,Men,75-99,Non-standardised,Stage 3,5-years,2013-2017,England,841,31.8,26.5,37.1
Bladder,Men,All ages,Non-standardised,Stage 3,5-years,2013-2017,England,"1,745",40.9,37.4,44.3
Bladder,Men,All ages,Age-standardised,Stage 3,5-years,2013-2017,England,"1,745",:,:,:
Bladder,Men,15-44,Non-standardised,Stage 4,5-years,2013-2017,England,47,:,:,:
Bladder,Men,45-54,Non-standardised,Stage 4,5-years,2013-2017,England,181,:,:,:
Bladder,Men,55-64,Non-standardised,Stage 4,5-years,2013-2017,England,539,14.2,10.4,17.9
Bladder,Men,65-74,Non-standardised,Stage 4,5-years,2013-2017,England,"1,388",15.4,12.9,18.0
Bladder,Men,75-99,Non-standardised,Stage 4,5-years,2013-2017,England,"2,132",7.6,5.6,9.6
Bladder,Men,All ages,Non-standardised,Stage 4,5-years,2013-2017,England,"4,287",11.9,10.4,13.4
Bladder,Men,All ages,Age-standardised,Stage 4,5-years,2013-2017,England,"4,287",:,:,:
Bladder,Men,15-44,Non-standardised,Unstageable,5-years,2013-2017,England,4,:,:,:
Bladder,Men,45-54,Non-standardised,Unstageable,5-years,2013-2017,England,6,:,:,:
Bladder,Men,55-64,Non-standardised,Unstageable,5-years,2013-2017,England,5,:,:,:
Bladder,Men,65-74,Non-standardised,Unstageable,5-years,2013-2017,England,24,:,:,:
Bladder,Men,75-99,Non-standardised,Unstageable,5-years,2013-2017,England,32,:,:,:
Bladder,Men,All ages,Non-standardised,Unstageable,5-years,2013-2017,England,71,:,:,:
Bladder,Men,All ages,Age-standardised,Unstageable,5-years,2013-2017,England,71,:,:,:
Bladder,Men,15-54,Non-standardised,Unknown/missing,5-years,2013-2017,England,154,64.8,56.5,73.1
Bladder,Men,55-64,Non-standardised,Unknown/missing,5-years,2013-2017,England,346,63.5,57.8,69.2
Bladder,Men,65-74,Non-standardised,Unknown/missing,5-years,2013-2017,England,"1,059",48.1,44.3,51.8
Bladder,Men,75-99,Non-standardised,Unknown/missing,5-years,2013-2017,England,"3,008",25.6,22.9,28.3
Bladder,Men,All ages,Non-standardised,Unknown/missing,5-years,2013-2017,England,"4,567",35.1,33.0,37.1
Bladder,Men,All ages,Age-standardised,Unknown/missing,5-years,2013-2017,England,"4,567",45.2,43.0,47.5
Bladder,Men,15-54,Non-standardised,All stages combined,5-years,2013-2017,England,"1,388",64.7,61.6,67.9
Bladder,Men,55-64,Non-standardised,All stages combined,5-years,2013-2017,England,"3,616",64.8,62.8,66.8
Bladder,Men,65-74,Non-standardised,All stages combined,5-years,2013-2017,England,"9,318",59.2,57.8,60.7
Bladder,Men,75-99,Non-standardised,All stages combined,5-years,2013-2017,England,"16,759",43.2,41.6,44.8
Bladder,Men,All ages,Non-standardised,All stages combined,5-years,2013-2017,England,"31,081",51.5,50.5,52.5
Bladder,Men,All ages,Age-standardised,All stages combined,5-years,2013-2017,England,"31,081",56.1,55.2,57.1
Bladder,Women,15-44,Non-standardised,Stage 1,1-year,2013-2017,England,26,92.3,82.3,102.4
Bladder,Women,45-54,Non-standardised,Stage 1,1-year,2013-2017,England,116,97.6,94.7,100.4
Bladder,Women,55-64,Non-standardised,Stage 1,1-year,2013-2017,England,416,97.8,96.3,99.4
Bladder,Women,65-74,Non-standardised,Stage 1,1-year,2013-2017,England,"1,049",94.7,93.2,96.2
Bladder,Women,75-99,Non-standardised,Stage 1,1-year,2013-2017,England,"2,056",86.5,84.6,88.3
Bladder,Women,All ages,Non-standardised,Stage 1,1-year,2013-2017,England,"3,663",90.5,89.4,91.7
Bladder,Women,All ages,Age-standardised,Stage 1,1-year,2013-2017,England,"3,663",93.1,92.0,94.2
Bladder,Women,15-44,Non-standardised,Stage 2,1-year,2013-2017,England,23,52.2,32.4,72.0
Bladder,Women,45-54,Non-standardised,Stage 2,1-year,2013-2017,England,110,78.4,70.7,86.1
Bladder,Women,55-64,Non-standardised,Stage 2,1-year,2013-2017,England,251,78.2,73.0,83.3
Bladder,Women,65-74,Non-standardised,Stage 2,1-year,2013-2017,England,697,72.6,69.2,75.9
Bladder,Women,75-99,Non-standardised,Stage 2,1-year,2013-2017,England,"1,715",55.5,53.0,58.0
Bladder,Women,All ages,Non-standardised,Stage 2,1-year,2013-2017,England,"2,796",62.7,60.8,64.6
Bladder,Women,All ages,Age-standardised,Stage 2,1-year,2013-2017,England,"2,796",67.4,64.9,70.0
Bladder,Women,15-44,Non-standardised,Stage 3,1-year,2013-2017,England,16,75.1,54.6,95.5
Bladder,Women,45-54,Non-standardised,Stage 3,1-year,2013-2017,England,54,72.4,60.6,84.3
Bladder,Women,55-64,Non-standardised,Stage 3,1-year,2013-2017,England,91,76.0,67.1,84.8
Bladder,Women,65-74,Non-standardised,Stage 3,1-year,2013-2017,England,252,65.8,59.8,71.8
Bladder,Women,75-99,Non-standardised,Stage 3,1-year,2013-2017,England,414,42.9,37.9,48.0
Bladder,Women,All ages,Non-standardised,Stage 3,1-year,2013-2017,England,827,56.0,52.5,59.6
Bladder,Women,All ages,Age-standardised,Stage 3,1-year,2013-2017,England,827,61.3,57.9,65.0
Bladder,Women,15-44,Non-standardised,Stage 4,1-year,2013-2017,England,65,36.0,24.4,47.6
Bladder,Women,45-54,Non-standardised,Stage 4,1-year,2013-2017,England,145,37.3,29.5,45.1
Bladder,Women,55-64,Non-standardised,Stage 4,1-year,2013-2017,England,279,38.7,33.0,44.4
Bladder,Women,65-74,Non-standardised,Stage 4,1-year,2013-2017,England,551,34.8,30.8,38.8
Bladder,Women,75-99,Non-standardised,Stage 4,1-year,2013-2017,England,"1,055",19.9,17.4,22.4
Bladder,Women,All ages,Non-standardised,Stage 4,1-year,2013-2017,England,"2,095",28.0,26.0,30.0
Bladder,Women,All ages,Age-standardised,Stage 4,1-year,2013-2017,England,"2,095",30.6,28.6,32.8
Bladder,Women,15-44,Non-standardised,Unstageable,1-year,2013-2017,England,3,:,:,:
Bladder,Women,45-54,Non-standardised,Unstageable,1-year,2013-2017,England,6,:,:,:
Bladder,Women,55-64,Non-standardised,Unstageable,1-year,2013-2017,England,3,:,:,:
Bladder,Women,65-74,Non-standardised,Unstageable,1-year,2013-2017,England,9,:,:,:
Bladder,Women,75-99,Non-standardised,Unstageable,1-year,2013-2017,England,23,:,:,:
Bladder,Women,All ages,Non-standardised,Unstageable,1-year,2013-2017,England,44,46.1,31.3,61.0
Bladder,Women,All ages,Age-standardised,Unstageable,1-year,2013-2017,England,44,:,:,:
Bladder,Women,15-44,Non-standardised,Unknown/missing,1-year,2013-2017,England,12,75.0,51.7,98.4
Bladder,Women,45-54,Non-standardised,Unknown/missing,1-year,2013-2017,England,53,65.6,52.8,78.3
Bladder,Women,55-64,Non-standardised,Unknown/missing,1-year,2013-2017,England,135,64.7,56.7,72.8
Bladder,Women,65-74,Non-standardised,Unknown/missing,1-year,2013-2017,England,319,59.3,53.8,64.7
Bladder,Women,75-99,Non-standardised,Unknown/missing,1-year,2013-2017,England,"1,617",30.0,27.6,32.4
Bladder,Women,All ages,Non-standardised,Unknown/missing,1-year,2013-2017,England,"2,136",37.7,35.5,39.8
Bladder,Women,All ages,Age-standardised,Unknown/missing,1-year,2013-2017,England,"2,136",51.1,48.3,54.0
Bladder,Women,15-44,Non-standardised,All stages combined,1-year,2013-2017,England,145,57.4,49.4,65.5
Bladder,Women,45-54,Non-standardised,All stages combined,1-year,2013-2017,England,484,68.7,64.5,72.8
Bladder,Women,55-64,Non-standardised,All stages combined,1-year,2013-2017,England,"1,175",74.2,71.6,76.7
Bladder,Women,65-74,Non-standardised,All stages combined,1-year,2013-2017,England,"2,877",71.3,69.6,73.0
Bladder,Women,75-99,Non-standardised,All stages combined,1-year,2013-2017,England,"6,880",52.4,51.1,53.7
Bladder,Women,All ages,Non-standardised,All stages combined,1-year,2013-2017,England,"11,561",60.1,59.1,61.0
Bladder,Women,All ages,Age-standardised,All stages combined,1-year,2013-2017,England,"11,561",64.5,63.4,65.7
Bladder,Women,15-44,Non-standardised,Stage 1,5-years,2013-2017,England,26,:,:,:
Bladder,Women,45-54,Non-standardised,Stage 1,5-years,2013-2017,England,116,:,:,:
Bladder,Women,55-64,Non-standardised,Stage 1,5-years,2013-2017,England,416,86.5,81.8,91.2
Bladder,Women,65-74,Non-standardised,Stage 1,5-years,2013-2017,England,"1,049",81.0,77.2,84.7
Bladder,Women,75-99,Non-standardised,Stage 1,5-years,2013-2017,England,"2,056",67.6,62.9,72.4
Bladder,Women,All ages,Non-standardised,Stage 1,5-years,2013-2017,England,"3,663",74.2,71.2,77.1
Bladder,Women,All ages,Age-standardised,Stage 1,5-years,2013-2017,England,"3,663",:,:,:
Bladder,Women,15-44,Non-standardised,Stage 2,5-years,2013-2017,England,23,:,:,:
Bladder,Women,45-54,Non-standardised,Stage 2,5-years,2013-2017,England,110,52.3,41.3,63.3
Bladder,Women,55-64,Non-standardised,Stage 2,5-years,2013-2017,England,251,:,:,:
Bladder,Women,65-74,Non-standardised,Stage 2,5-years,2013-2017,England,697,44.8,40.2,49.5
Bladder,Women,75-99,Non-standardised,Stage 2,5-years,2013-2017,England,"1,715",27.3,23.5,31.0
Bladder,Women,All ages,Non-standardised,Stage 2,5-years,2013-2017,England,"2,796",35.0,32.3,37.7
Bladder,Women,All ages,Age-standardised,Stage 2,5-years,2013-2017,England,"2,796",:,:,:
Bladder,Women,15-44,Non-standardised,Stage 3,5-years,2013-2017,England,16,:,:,:
Bladder,Women,45-54,Non-standardised,Stage 3,5-years,2013-2017,England,54,:,:,:
Bladder,Women,55-64,Non-standardised,Stage 3,5-years,2013-2017,England,91,:,:,:
Bladder,Women,65-74,Non-standardised,Stage 3,5-years,2013-2017,England,252,43.0,35.0,50.9
Bladder,Women,75-99,Non-standardised,Stage 3,5-years,2013-2017,England,414,18.1,11.9,24.3
Bladder,Women,All ages,Non-standardised,Stage 3,5-years,2013-2017,England,827,31.2,26.4,36.0
Bladder,Women,All ages,Age-standardised,Stage 3,5-years,2013-2017,England,827,:,:,:
Bladder,Women,15-44,Non-standardised,Stage 4,5-years,2013-2017,England,65,:,:,:
Bladder,Women,45-54,Non-standardised,Stage 4,5-years,2013-2017,England,145,:,:,:
Bladder,Women,55-64,Non-standardised,Stage 4,5-years,2013-2017,England,279,:,:,:
Bladder,Women,65-74,Non-standardised,Stage 4,5-years,2013-2017,England,551,:,:,:
Bladder,Women,75-99,Non-standardised,Stage 4,5-years,2013-2017,England,"1,055",:,:,:
Bladder,Women,All ages,Non-standardised,Stage 4,5-years,2013-2017,England,"2,095",8.3,6.7,9.9
Bladder,Women,All ages,Age-standardised,Stage 4,5-years,2013-2017,England,"2,095",:,:,:
Bladder,Women,15-44,Non-standardised,Unstageable,5-years,2013-2017,England,3,:,:,:
Bladder,Women,45-54,Non-standardised,Unstageable,5-years,2013-2017,England,6,:,:,:
Bladder,Women,55-64,Non-standardised,Unstageable,5-years,2013-2017,England,3,:,:,:
Bladder,Women,65-74,Non-standardised,Unstageable,5-years,2013-2017,England,9,:,:,:
Bladder,Women,75-99,Non-standardised,Unstageable,5-years,2013-2017,England,23,:,:,:
Bladder,Women,All ages,Non-standardised,Unstageable,5-years,2013-2017,England,44,:,:,:
Bladder,Women,All ages,Age-standardised,Unstageable,5-years,2013-2017,England,44,:,:,:
Bladder,Women,15-44,Non-standardised,Unknown/missing,5-years,2013-2017,England,12,:,:,:
Bladder,Women,45-54,Non-standardised,Unknown/missing,5-years,2013-2017,England,53,:,:,:
Bladder,Women,55-64,Non-standardised,Unknown/missing,5-years,2013-2017,England,135,:,:,:
Bladder,Women,65-74,Non-standardised,Unknown/missing,5-years,2013-2017,England,319,40.5,34.3,46.7
Bladder,Women,75-99,Non-standardised,Unknown/missing,5-years,2013-2017,England,"1,617",12.2,9.5,14.8
Bladder,Women,All ages,Non-standardised,Unknown/missing,5-years,2013-2017,England,"2,136",20.0,17.6,22.4
Bladder,Women,All ages,Age-standardised,Unknown/missing,5-years,2013-2017,England,"2,136",:,:,:
Bladder,Women,15-44,Non-standardised,All stages combined,5-years,2013-2017,England,145,35.7,27.1,44.3
Bladder,Women,45-54,Non-standardised,All stages combined,5-years,2013-2017,England,484,49.6,44.5,54.7
Bladder,Women,55-64,Non-standardised,All stages combined,5-years,2013-2017,England,"1,175",55.7,52.4,59.1
Bladder,Women,65-74,Non-standardised,All stages combined,5-years,2013-2017,England,"2,877",50.6,48.3,53.0
Bladder,Women,75-99,Non-standardised,All stages combined,5-years,2013-2017,England,"6,880",31.4,29.4,33.4
Bladder,Women,All ages,Non-standardised,All stages combined,5-years,2013-2017,England,"11,561",39.5,38.1,40.9
Bladder,Women,All ages,Age-standardised,All stages combined,5-years,2013-2017,England,"11,561",43.9,42.4,45.4
Bladder,Persons,15-44,Non-standardised,Stage 1,1-year,2013-2017,England,128,96.2,92.8,99.6
Bladder,Persons,45-54,Non-standardised,Stage 1,1-year,2013-2017,England,616,97.9,96.6,99.1
Bladder,Persons,55-64,Non-standardised,Stage 1,1-year,2013-2017,England,"2,098",98.0,97.3,98.7
Bladder,Persons,65-74,Non-standardised,Stage 1,1-year,2013-2017,England,"5,194",96.1,95.5,96.8
Bladder,Persons,75-99,Non-standardised,Stage 1,1-year,2013-2017,England,"8,790",91.2,90.4,92.1
Bladder,Persons,All ages,Non-standardised,Stage 1,1-year,2013-2017,England,"16,826",93.9,93.4,94.4
Bladder,Persons,All ages,Age-standardised,Stage 1,1-year,2013-2017,England,"16,826",95.3,94.9,95.8
Bladder,Persons,15-44,Non-standardised,Stage 2,1-year,2013-2017,England,58,69.1,57.3,80.9
Bladder,Persons,45-54,Non-standardised,Stage 2,1-year,2013-2017,England,371,83.0,79.2,86.9
Bladder,Persons,55-64,Non-standardised,Stage 2,1-year,2013-2017,England,"1,081",83.9,81.6,86.1
Bladder,Persons,65-74,Non-standardised,Stage 2,1-year,2013-2017,England,"2,807",78.6,77.0,80.2
Bladder,Persons,75-99,Non-standardised,Stage 2,1-year,2013-2017,England,"5,727",61.7,60.3,63.1
Bladder,Persons,All ages,Non-standardised,Stage 2,1-year,2013-2017,England,"10,044",69.6,68.7,70.6
Bladder,Persons,All ages,Age-standardised,Stage 2,1-year,2013-2017,England,"10,044",74.2,72.9,75.5
Bladder,Persons,15-44,Non-standardised,Stage 3,1-year,2013-2017,England,37,78.5,65.4,91.5
Bladder,Persons,45-54,Non-standardised,Stage 3,1-year,2013-2017,England,131,78.9,71.9,85.9
Bladder,Persons,55-64,Non-standardised,Stage 3,1-year,2013-2017,England,305,77.5,72.8,82.3
Bladder,Persons,65-74,Non-standardised,Stage 3,1-year,2013-2017,England,844,72.6,69.5,75.7
Bladder,Persons,75-99,Non-standardised,Stage 3,1-year,2013-2017,England,"1,255",54.2,51.2,57.2
Bladder,Persons,All ages,Non-standardised,Stage 3,1-year,2013-2017,England,"2,572",64.6,62.6,66.6
Bladder,Persons,All ages,Age-standardised,Stage 3,1-year,2013-2017,England,"2,572",68.8,66.8,70.8
Bladder,Persons,15-44,Non-standardised,Stage 4,1-year,2013-2017,England,112,41.0,31.8,50.1
Bladder,Persons,45-54,Non-standardised,Stage 4,1-year,2013-2017,England,326,41.5,36.1,46.8
Bladder,Persons,55-64,Non-standardised,Stage 4,1-year,2013-2017,England,818,41.1,37.7,44.5
Bladder,Persons,65-74,Non-standardised,Stage 4,1-year,2013-2017,England,"1,939",40.7,38.5,42.9
Bladder,Persons,75-99,Non-standardised,Stage 4,1-year,2013-2017,England,"3,187",25.5,24.0,27.1
Bladder,Persons,All ages,Non-standardised,Stage 4,1-year,2013-2017,England,"6,382",33.2,32.0,34.4
Bladder,Persons,All ages,Age-standardised,Stage 4,1-year,2013-2017,England,"6,382",35.7,34.4,37.1
Bladder,Persons,15-44,Non-standardised,Unstageable,1-year,2013-2017,England,7,:,:,:
Bladder,Persons,45-54,Non-standardised,Unstageable,1-year,2013-2017,England,12,91.8,76.8,106.8
Bladder,Persons,55-64,Non-standardised,Unstageable,1-year,2013-2017,England,8,:,:,:
Bladder,Persons,65-74,Non-standardised,Unstageable,1-year,2013-2017,England,33,61.5,44.9,78.1
Bladder,Persons,75-99,Non-standardised,Unstageable,1-year,2013-2017,England,55,35.1,22.1,48.2
Bladder,Persons,All ages,Non-standardised,Unstageable,1-year,2013-2017,England,115,54.5,45.1,63.9
Bladder,Persons,All ages,Age-standardised,Unstageable,1-year,2013-2017,England,115,:,:,:
Bladder,Persons,15-44,Non-standardised,Unknown/missing,1-year,2013-2017,England,42,90.6,81.8,99.3
Bladder,Persons,45-54,Non-standardised,Unknown/missing,1-year,2013-2017,England,177,73.1,66.5,79.7
Bladder,Persons,55-64,Non-standardised,Unknown/missing,1-year,2013-2017,England,481,76.7,72.8,80.5
Bladder,Persons,65-74,Non-standardised,Unknown/missing,1-year,2013-2017,England,"1,378",66.8,64.3,69.4
Bladder,Persons,75-99,Non-standardised,Unknown/missing,1-year,2013-2017,England,"4,625",41.0,39.4,42.5
Bladder,Persons,All ages,Non-standardised,Unknown/missing,1-year,2013-2017,England,"6,703",50.0,48.7,51.3
Bladder,Persons,All ages,Age-standardised,Unknown/missing,1-year,2013-2017,England,"6,703",61.8,60.4,63.2
Bladder,Persons,15-44,Non-standardised,All stages combined,1-year,2013-2017,England,384,73.6,69.2,78.0
Bladder,Persons,45-54,Non-standardised,All stages combined,1-year,2013-2017,England,"1,633",79.0,77.0,81.0
Bladder,Persons,55-64,Non-standardised,All stages combined,1-year,2013-2017,England,"4,791",81.6,80.5,82.7
Bladder,Persons,65-74,Non-standardised,All stages combined,1-year,2013-2017,England,"12,195",78.2,77.5,79.0
Bladder,Persons,75-99,Non-standardised,All stages combined,1-year,2013-2017,England,"23,639",63.3,62.6,64.0
Bladder,Persons,All ages,Non-standardised,All stages combined,1-year,2013-2017,England,"42,642",70.3,69.9,70.8
Bladder,Persons,All ages,Age-standardised,All stages combined,1-year,2013-2017,England,"42,642",74.1,73.5,74.6
Bladder,Persons,15-54,Non-standardised,Stage 1,5-years,2013-2017,England,744,84.1,80.1,88.1
Bladder,Persons,55-64,Non-standardised,Stage 1,5-years,2013-2017,England,"2,098",87.4,85.2,89.7
Bladder,Persons,65-74,Non-standardised,Stage 1,5-years,2013-2017,England,"5,194",81.2,79.3,83.1
Bladder,Persons,75-99,Non-standardised,Stage 1,5-years,2013-2017,England,"8,790",69.2,66.5,71.9
Bladder,Persons,All ages,Non-standardised,Stage 1,5-years,2013-2017,England,"16,826",75.9,74.3,77.4
Bladder,Persons,All ages,Age-standardised,Stage 1,5-years,2013-2017,England,"16,826",79.4,78.0,80.7
Bladder,Persons,15-44,Non-standardised,Stage 2,5-years,2013-2017,England,58,46.6,30.5,62.6
Bladder,Persons,45-54,Non-standardised,Stage 2,5-years,2013-2017,England,371,56.6,50.3,62.9
Bladder,Persons,55-64,Non-standardised,Stage 2,5-years,2013-2017,England,"1,081",54.4,50.6,58.3
Bladder,Persons,65-74,Non-standardised,Stage 2,5-years,2013-2017,England,"2,807",51.7,49.1,54.3
Bladder,Persons,75-99,Non-standardised,Stage 2,5-years,2013-2017,England,"5,727",32.0,29.7,34.3
Bladder,Persons,All ages,Non-standardised,Stage 2,5-years,2013-2017,England,"10,044",40.9,39.4,42.5
Bladder,Persons,All ages,Age-standardised,Stage 2,5-years,2013-2017,England,"10,044",45.7,43.8,47.6
Bladder,Persons,15-54,Non-standardised,Stage 3,5-years,2013-2017,England,168,50.6,41.2,60.0
Bladder,Persons,55-64,Non-standardised,Stage 3,5-years,2013-2017,England,305,50.3,43.1,57.5
Bladder,Persons,65-74,Non-standardised,Stage 3,5-years,2013-2017,England,844,46.5,41.8,51.1
Bladder,Persons,75-99,Non-standardised,Stage 3,5-years,2013-2017,England,"1,255",27.3,23.2,31.5
Bladder,Persons,All ages,Non-standardised,Stage 3,5-years,2013-2017,England,"2,572",37.8,35.0,40.7
Bladder,Persons,All ages,Age-standardised,Stage 3,5-years,2013-2017,England,"2,572",41.2,38.4,44.3
Bladder,Persons,15-44,Non-standardised,Stage 4,5-years,2013-2017,England,112,:,:,:
Bladder,Persons,45-54,Non-standardised,Stage 4,5-years,2013-2017,England,326,:,:,:
Bladder,Persons,55-64,Non-standardised,Stage 4,5-years,2013-2017,England,818,14.3,11.3,17.4
Bladder,Persons,65-74,Non-standardised,Stage 4,5-years,2013-2017,England,"1,939",13.9,11.8,15.9
Bladder,Persons,75-99,Non-standardised,Stage 4,5-years,2013-2017,England,"3,187",6.2,4.7,7.7
Bladder,Persons,All ages,Non-standardised,Stage 4,5-years,2013-2017,England,"6,382",10.7,9.6,11.8
Bladder,Persons,All ages,Age-standardised,Stage 4,5-years,2013-2017,England,"6,382",:,:,:
Bladder,Persons,15-44,Non-standardised,Unstageable,5-years,2013-2017,England,7,:,:,:
Bladder,Persons,45-54,Non-standardised,Unstageable,5-years,2013-2017,England,12,:,:,:
Bladder,Persons,55-64,Non-standardised,Unstageable,5-years,2013-2017,England,8,:,:,:
Bladder,Persons,65-74,Non-standardised,Unstageable,5-years,2013-2017,England,33,:,:,:
Bladder,Persons,75-99,Non-standardised,Unstageable,5-years,2013-2017,England,55,:,:,:
Bladder,Persons,All ages,Non-standardised,Unstageable,5-years,2013-2017,England,115,:,:,:
Bladder,Persons,All ages,Age-standardised,Unstageable,5-years,2013-2017,England,115,:,:,:
Bladder,Persons,15-54,Non-standardised,Unknown/missing,5-years,2013-2017,England,219,59.7,52.7,66.7
Bladder,Persons,55-64,Non-standardised,Unknown/missing,5-years,2013-2017,England,481,59.7,54.8,64.6
Bladder,Persons,65-74,Non-standardised,Unknown/missing,5-years,2013-2017,England,"1,378",46.3,43.1,49.5
Bladder,Persons,75-99,Non-standardised,Unknown/missing,5-years,2013-2017,England,"4,625",21.0,19.0,22.9
Bladder,Persons,All ages,Non-standardised,Unknown/missing,5-years,2013-2017,England,"6,703",30.3,28.7,31.9
Bladder,Persons,All ages,Age-standardised,Unknown/missing,5-years,2013-2017,England,"6,703",40.9,39.1,42.8
Bladder,Persons,15-44,Non-standardised,All stages combined,5-years,2013-2017,England,384,53.6,48.1,59.2
Bladder,Persons,45-54,Non-standardised,All stages combined,5-years,2013-2017,England,"1,633",60.2,57.3,63.2
Bladder,Persons,55-64,Non-standardised,All stages combined,5-years,2013-2017,England,"4,791",62.6,60.9,64.3
Bladder,Persons,65-74,Non-standardised,All stages combined,5-years,2013-2017,England,"12,195",57.2,56.0,58.4
Bladder,Persons,75-99,Non-standardised,All stages combined,5-years,2013-2017,England,"23,639",39.8,38.5,41.0
Bladder,Persons,All ages,Non-standardised,All stages combined,5-years,2013-2017,England,"42,642",48.3,47.4,49.1
Bladder,Persons,All ages,Age-standardised,All stages combined,5-years,2013-2017,England,"42,642",52.6,51.8,53.5
Brain,Men,15-44,Non-standardised,All stages combined,1-year,2013-2017,England,"1,928",84.0,82.3,85.6
Brain,Men,45-54,Non-standardised,All stages combined,1-year,2013-2017,England,"1,569",65.2,62.8,67.5
Brain,Men,55-64,Non-standardised,All stages combined,1-year,2013-2017,England,"2,483",44.7,42.8,46.7
Brain,Men,65-74,Non-standardised,All stages combined,1-year,2013-2017,England,"3,158",27.0,25.4,28.6
Brain,Men,75-99,Non-standardised,All stages combined,1-year,2013-2017,England,"2,721",7.6,6.6,8.7
Brain,Men,All ages,Non-standardised,All stages combined,1-year,2013-2017,England,"11,859",40.6,39.7,41.5
Brain,Men,All ages,Age-standardised,All stages combined,1-year,2013-2017,England,"11,859",40.2,39.1,41.2
Brain,Men,15-44,Non-standardised,All stages combined,5-years,2013-2017,England,"1,928",55.3,52.2,58.4
Brain,Men,45-54,Non-standardised,All stages combined,5-years,2013-2017,England,"1,569",21.8,19.1,24.5
Brain,Men,55-64,Non-standardised,All stages combined,5-years,2013-2017,England,"2,483",8.8,7.3,10.3
Brain,Men,65-99,Non-standardised,All stages combined,5-years,2013-2017,England,"5,879",2.4,1.9,3.0
Brain,Men,All ages,Non-standardised,All stages combined,5-years,2013-2017,England,"11,859",14.9,14.1,15.8
Brain,Men,All ages,Age-standardised,All stages combined,5-years,2013-2017,England,"11,859",11.1,10.1,12.1
Brain,Women,15-44,Non-standardised,All stages combined,1-year,2013-2017,England,"1,411",87.0,85.3,88.8
Brain,Women,45-54,Non-standardised,All stages combined,1-year,2013-2017,England,"1,071",64.1,61.2,66.9
Brain,Women,55-64,Non-standardised,All stages combined,1-year,2013-2017,England,"1,587",47.8,45.4,50.3
Brain,Women,65-74,Non-standardised,All stages combined,1-year,2013-2017,England,"2,214",25.6,23.8,27.5
Brain,Women,75-99,Non-standardised,All stages combined,1-year,2013-2017,England,"2,348",6.5,5.5,7.6
Brain,Women,All ages,Non-standardised,All stages combined,1-year,2013-2017,England,"8,631",39.3,38.2,40.3
Brain,Women,All ages,Age-standardised,All stages combined,1-year,2013-2017,England,"8,631",39.7,38.5,40.9
Brain,Women,15-44,Non-standardised,All stages combined,5-years,2013-2017,England,"1,411",63.4,60.3,66.5
Brain,Women,45-54,Non-standardised,All stages combined,5-years,2013-2017,England,"1,071",28.3,24.9,31.8
Brain,Women,55-64,Non-standardised,All stages combined,5-years,2013-2017,England,"1,587",11.8,9.7,13.9
Brain,Women,65-99,Non-standardised,All stages combined,5-years,2013-2017,England,"4,562",3.0,2.2,3.8
Brain,Women,All ages,Non-standardised,All stages combined,5-years,2013-2017,England,"8,631",17.7,16.7,18.7
Brain,Women,All ages,Age-standardised,All stages combined,5-years,2013-2017,England,"8,631",13.8,12.4,15.2
Brain,Persons,15-44,Non-standardised,All stages combined,1-year,2013-2017,England,"3,339",85.3,84.0,86.5
Brain,Persons,45-54,Non-standardised,All stages combined,1-year,2013-2017,England,"2,640",64.7,62.9,66.5
Brain,Persons,55-64,Non-standardised,All stages combined,1-year,2013-2017,England,"4,070",45.9,44.4,47.5
Brain,Persons,65-74,Non-standardised,All stages combined,1-year,2013-2017,England,"5,372",26.4,25.2,27.6
Brain,Persons,75-99,Non-standardised,All stages combined,1-year,2013-2017,England,"5,069",7.1,6.4,7.9
Brain,Persons,All ages,Non-standardised,All stages combined,1-year,2013-2017,England,"20,490",40.0,39.3,40.7
Brain,Persons,All ages,Age-standardised,All stages combined,1-year,2013-2017,England,"20,490",39.9,39.2,40.7
Brain,Persons,15-44,Non-standardised,All stages combined,5-years,2013-2017,England,"3,339",58.8,56.6,61.0
Brain,Persons,45-54,Non-standardised,All stages combined,5-years,2013-2017,England,"2,640",24.5,22.4,26.6
Brain,Persons,55-64,Non-standardised,All stages combined,5-years,2013-2017,England,"4,070",10.0,8.7,11.2
Brain,Persons,65-99,Non-standardised,All stages combined,5-years,2013-2017,England,"10,441",2.7,2.2,3.1
Brain,Persons,All ages,Non-standardised,All stages combined,5-years,2013-2017,England,"20,490",16.1,15.5,16.8
Brain,Persons,All ages,Age-standardised,All stages combined,5-years,2013-2017,England,"20,490",12.2,11.4,13.1
Breast,Women,15-44,Non-standardised,Stage 1,1-year,2013-2017,England,"5,637",99.9,99.8,100.0
Breast,Women,45-54,Non-standardised,Stage 1,1-year,2013-2017,England,"18,441",100.0,99.9,100.1
Breast,Women,55-64,Non-standardised,Stage 1,1-year,2013-2017,England,"22,288",100.1,100.0,100.2
Breast,Women,65-74,Non-standardised,Stage 1,1-year,2013-2017,England,"23,991",100.3,100.2,100.4
Breast,Women,75-99,Non-standardised,Stage 1,1-year,2013-2017,England,"12,669",99.6,99.1,100.0
Breast,Women,All ages,Non-standardised,Stage 1,1-year,2013-2017,England,"83,026",100.0,100.0,100.1
Breast,Women,All ages,Age-standardised,Stage 1,1-year,2013-2017,England,"83,026",100.0,99.8,100.1
Breast,Women,15-44,Non-standardised,Stage 2,1-year,2013-2017,England,"9,492",99.6,99.4,99.7
Breast,Women,45-54,Non-standardised,Stage 2,1-year,2013-2017,England,"18,460",99.7,99.6,99.8
Breast,Women,55-64,Non-standardised,Stage 2,1-year,2013-2017,England,"15,609",99.7,99.5,99.8
Breast,Women,65-74,Non-standardised,Stage 2,1-year,2013-2017,England,"16,068",99.4,99.2,99.6
Breast,Women,75-99,Non-standardised,Stage 2,1-year,2013-2017,England,"19,768",97.1,96.7,97.5
Breast,Women,All ages,Non-standardised,Stage 2,1-year,2013-2017,England,"79,397",99.0,98.9,99.1
Breast,Women,All ages,Age-standardised,Stage 2,1-year,2013-2017,England,"79,397",98.9,98.7,99.0
Breast,Women,15-44,Non-standardised,Stage 3,1-year,2013-2017,England,"2,592",97.4,96.8,98.0
Breast,Women,45-54,Non-standardised,Stage 3,1-year,2013-2017,England,"4,410",98.4,98.0,98.8
Breast,Women,55-64,Non-standardised,Stage 3,1-year,2013-2017,England,"3,486",98.0,97.5,98.6
Breast,Women,65-74,Non-standardised,Stage 3,1-year,2013-2017,England,"3,395",96.8,96.1,97.5
Breast,Women,75-99,Non-standardised,Stage 3,1-year,2013-2017,England,"4,486",90.7,89.6,91.8
Breast,Women,All ages,Non-standardised,Stage 3,1-year,2013-2017,England,"18,369",96.0,95.7,96.4
Breast,Women,All ages,Age-standardised,Stage 3,1-year,2013-2017,England,"18,369",95.5,95.1,95.9
Breast,Women,15-44,Non-standardised,Stage 4,1-year,2013-2017,England,856,83.5,81.0,86.0
Breast,Women,45-54,Non-standardised,Stage 4,1-year,2013-2017,England,"1,604",79.9,77.9,81.9
Breast,Women,55-64,Non-standardised,Stage 4,1-year,2013-2017,England,"1,676",73.2,71.1,75.4
Breast,Women,65-74,Non-standardised,Stage 4,1-year,2013-2017,England,"2,237",66.3,64.3,68.3
Breast,Women,75-99,Non-standardised,Stage 4,1-year,2013-2017,England,"3,921",52.7,51.0,54.4
Breast,Women,All ages,Non-standardised,Stage 4,1-year,2013-2017,England,"10,294",65.8,64.8,66.7
Breast,Women,All ages,Age-standardised,Stage 4,1-year,2013-2017,England,"10,294",66.0,65.0,66.9
Breast,Women,15-44,Non-standardised,Unstageable,1-year,2013-2017,England,94,99.0,96.9,101.0
Breast,Women,45-54,Non-standardised,Unstageable,1-year,2013-2017,England,88,99.0,96.8,101.2
Breast,Women,55-64,Non-standardised,Unstageable,1-year,2013-2017,England,82,96.5,92.4,100.7
Breast,Women,65-74,Non-standardised,Unstageable,1-year,2013-2017,England,72,81.5,72.3,90.7
Breast,Women,75-99,Non-standardised,Unstageable,1-year,2013-2017,England,86,82.2,72.7,91.6
Breast,Women,All ages,Non-standardised,Unstageable,1-year,2013-2017,England,422,92.2,89.4,95.1
Breast,Women,All ages,Age-standardised,Unstageable,1-year,2013-2017,England,422,88.2,84.0,92.5
Breast,Women,15-44,Non-standardised,Unknown/missing,1-year,2013-2017,England,"1,681",97.8,97.1,98.5
Breast,Women,45-54,Non-standardised,Unknown/missing,1-year,2013-2017,England,"3,163",97.3,96.7,97.9
Breast,Women,55-64,Non-standardised,Unknown/missing,1-year,2013-2017,England,"2,659",94.9,94.0,95.8
Breast,Women,65-74,Non-standardised,Unknown/missing,1-year,2013-2017,England,"3,022",90.0,88.9,91.1
Breast,Women,75-99,Non-standardised,Unknown/missing,1-year,2013-2017,England,"8,305",77.9,76.8,79.0
Breast,Women,All ages,Non-standardised,Unknown/missing,1-year,2013-2017,England,"18,830",87.2,86.7,87.8
Breast,Women,All ages,Age-standardised,Unknown/missing,1-year,2013-2017,England,"18,830",88.7,88.2,89.2
Breast,Women,15-44,Non-standardised,All stages combined,1-year,2013-2017,England,"20,352",98.6,98.4,98.7
Breast,Women,45-54,Non-standardised,All stages combined,1-year,2013-2017,England,"46,166",98.9,98.7,99.0
Breast,Women,55-64,Non-standardised,All stages combined,1-year,2013-2017,England,"45,800",98.5,98.4,98.6
Breast,Women,65-74,Non-standardised,All stages combined,1-year,2013-2017,England,"48,785",97.6,97.4,97.7
Breast,Women,75-99,Non-standardised,All stages combined,1-year,2013-2017,England,"49,235",90.3,90.0,90.7
Breast,Women,All ages,Non-standardised,All stages combined,1-year,2013-2017,England,"210,338",96.5,96.4,96.6
Breast,Women,All ages,Age-standardised,All stages combined,1-year,2013-2017,England,"210,338",95.8,95.7,96.0
Breast,Women,15-44,Non-standardised,Stage 1,5-years,2013-2017,England,"5,637",97.5,96.9,98.2
Breast,Women,45-54,Non-standardised,Stage 1,5-years,2013-2017,England,"18,441",98.6,98.3,99.0
Breast,Women,55-64,Non-standardised,Stage 1,5-years,2013-2017,England,"22,288",99.2,98.9,99.6
Breast,Women,65-74,Non-standardised,Stage 1,5-years,2013-2017,England,"23,991",99.7,99.2,100.2
Breast,Women,75-99,Non-standardised,Stage 1,5-years,2013-2017,England,"12,669",95.0,93.0,96.9
Breast,Women,All ages,Non-standardised,Stage 1,5-years,2013-2017,England,"83,026",98.5,98.1,98.8
Breast,Women,All ages,Age-standardised,Stage 1,5-years,2013-2017,England,"83,026",97.9,97.3,98.5
Breast,Women,15-44,Non-standardised,Stage 2,5-years,2013-2017,England,"9,492",90.6,89.8,91.5
Breast,Women,45-54,Non-standardised,Stage 2,5-years,2013-2017,England,"18,460",94.2,93.6,94.7
Breast,Women,55-64,Non-standardised,Stage 2,5-years,2013-2017,England,"15,609",93.5,92.8,94.2
Breast,Women,65-74,Non-standardised,Stage 2,5-years,2013-2017,England,"16,068",92.7,91.9,93.5
Breast,Women,75-99,Non-standardised,Stage 2,5-years,2013-2017,England,"19,768",81.7,80.1,83.4
Breast,Women,All ages,Non-standardised,Stage 2,5-years,2013-2017,England,"79,397",90.2,89.7,90.7
Breast,Women,All ages,Age-standardised,Stage 2,5-years,2013-2017,England,"79,397",89.6,89.0,90.2
Breast,Women,15-44,Non-standardised,Stage 3,5-years,2013-2017,England,"2,592",78.8,76.7,80.9
Breast,Women,45-54,Non-standardised,Stage 3,5-years,2013-2017,England,"4,410",81.4,79.7,83.1
Breast,Women,55-64,Non-standardised,Stage 3,5-years,2013-2017,England,"3,486",80.4,78.5,82.3
Breast,Women,65-74,Non-standardised,Stage 3,5-years,2013-2017,England,"3,395",74.9,72.5,77.2
Breast,Women,75-99,Non-standardised,Stage 3,5-years,2013-2017,England,"4,486",58.9,55.4,62.4
Breast,Women,All ages,Non-standardised,Stage 3,5-years,2013-2017,England,"18,369",74.2,73.0,75.4
Breast,Women,All ages,Age-standardised,Stage 3,5-years,2013-2017,England,"18,369",72.0,70.5,73.5
Breast,Women,15-44,Non-standardised,Stage 4,5-years,2013-2017,England,856,43.1,38.5,47.7
Breast,Women,45-54,Non-standardised,Stage 4,5-years,2013-2017,England,"1,604",43.4,40.2,46.6
Breast,Women,55-64,Non-standardised,Stage 4,5-years,2013-2017,England,"1,676",33.1,30.0,36.2
Breast,Women,65-74,Non-standardised,Stage 4,5-years,2013-2017,England,"2,237",25.4,22.7,28.2
Breast,Women,75-99,Non-standardised,Stage 4,5-years,2013-2017,England,"3,921",16.2,14.0,18.4
Breast,Women,All ages,Non-standardised,Stage 4,5-years,2013-2017,England,"10,294",27.5,26.1,28.8
Breast,Women,All ages,Age-standardised,Stage 4,5-years,2013-2017,England,"10,294",26.2,24.8,27.7
Breast,Women,15-44,Non-standardised,Unstageable,5-years,2013-2017,England,94,:,:,:
Breast,Women,45-54,Non-standardised,Unstageable,5-years,2013-2017,England,88,:,:,:
Breast,Women,55-64,Non-standardised,Unstageable,5-years,2013-2017,England,82,:,:,:
Breast,Women,65-74,Non-standardised,Unstageable,5-years,2013-2017,England,72,:,:,:
Breast,Women,75-99,Non-standardised,Unstageable,5-years,2013-2017,England,86,55.7,37.1,74.2
Breast,Women,All ages,Non-standardised,Unstageable,5-years,2013-2017,England,422,77.4,71.0,83.9
Breast,Women,All ages,Age-standardised,Unstageable,5-years,2013-2017,England,422,:,:,:
Breast,Women,15-44,Non-standardised,Unknown/missing,5-years,2013-2017,England,"1,681",83.2,80.9,85.4
Breast,Women,45-54,Non-standardised,Unknown/missing,5-years,2013-2017,England,"3,163",86.2,84.7,87.7
Breast,Women,55-64,Non-standardised,Unknown/missing,5-years,2013-2017,England,"2,659",83.9,82.2,85.6
Breast,Women,65-74,Non-standardised,Unknown/missing,5-years,2013-2017,England,"3,022",74.3,72.3,76.4
Breast,Women,75-99,Non-standardised,Unknown/missing,5-years,2013-2017,England,"8,305",48.1,45.8,50.4
Breast,Women,All ages,Non-standardised,Unknown/missing,5-years,2013-2017,England,"18,830",66.8,65.6,68.0
Breast,Women,All ages,Age-standardised,Unknown/missing,5-years,2013-2017,England,"18,830",69.1,68.0,70.3
Breast,Women,15-44,Non-standardised,All stages combined,5-years,2013-2017,England,"20,352",88.3,87.7,89.0
Breast,Women,45-54,Non-standardised,All stages combined,5-years,2013-2017,England,"46,166",92.3,91.9,92.7
Breast,Women,55-64,Non-standardised,All stages combined,5-years,2013-2017,England,"45,800",92.4,92.0,92.8
Breast,Women,65-74,Non-standardised,All stages combined,5-years,2013-2017,England,"48,785",90.5,90.0,91.0
Breast,Women,75-99,Non-standardised,All stages combined,5-years,2013-2017,England,"49,235",71.5,70.5,72.6
Breast,Women,All ages,Non-standardised,All stages combined,5-years,2013-2017,England,"210,338",86.6,86.3,86.9
Breast,Women,All ages,Age-standardised,All stages combined,5-years,2013-2017,England,"210,338",85.0,84.6,85.4
Cervix,Women,15-44,Non-standardised,Stage 1,1-year,2013-2017,England,"4,800",99.5,99.3,99.7
Cervix,Women,45-54,Non-standardised,Stage 1,1-year,2013-2017,England,"1,059",99.4,98.9,99.9
Cervix,Women,55-64,Non-standardised,Stage 1,1-year,2013-2017,England,531,98.4,97.1,99.6
Cervix,Women,65-74,Non-standardised,Stage 1,1-year,2013-2017,England,197,96.6,93.6,99.5
Cervix,Women,75-99,Non-standardised,Stage 1,1-year,2013-2017,England,154,84.1,77.3,90.9
Cervix,Women,All ages,Non-standardised,Stage 1,1-year,2013-2017,England,"6,741",99.0,98.7,99.2
Cervix,Women,All ages,Age-standardised,Stage 1,1-year,2013-2017,England,"6,741",96.3,95.1,97.6
Cervix,Women,15-44,Non-standardised,Stage 2,1-year,2013-2017,England,705,95.5,94.0,97.1
Cervix,Women,45-54,Non-standardised,Stage 2,1-year,2013-2017,England,444,94.6,92.4,96.7
Cervix,Women,55-64,Non-standardised,Stage 2,1-year,2013-2017,England,369,94.8,92.4,97.1
Cervix,Women,65-74,Non-standardised,Stage 2,1-year,2013-2017,England,296,92.3,89.1,95.6
Cervix,Women,75-99,Non-standardised,Stage 2,1-year,2013-2017,England,300,83.6,78.7,88.4
Cervix,Women,All ages,Non-standardised,Stage 2,1-year,2013-2017,England,"2,114",93.1,91.9,94.2
Cervix,Women,All ages,Age-standardised,Stage 2,1-year,2013-2017,England,"2,114",92.8,91.6,94.1
Cervix,Women,15-44,Non-standardised,Stage 3,1-year,2013-2017,England,202,79.8,74.2,85.3
Cervix,Women,45-54,Non-standardised,Stage 3,1-year,2013-2017,England,153,87.7,82.5,92.9
Cervix,Women,55-64,Non-standardised,Stage 3,1-year,2013-2017,England,133,76.3,69.0,83.6
Cervix,Women,65-74,Non-standardised,Stage 3,1-year,2013-2017,England,136,77.1,69.8,84.4
Cervix,Women,75-99,Non-standardised,Stage 3,1-year,2013-2017,England,174,49.6,41.8,57.5
Cervix,Women,All ages,Non-standardised,Stage 3,1-year,2013-2017,England,798,73.7,70.5,76.8
Cervix,Women,All ages,Age-standardised,Stage 3,1-year,2013-2017,England,798,74.6,71.6,77.8
Cervix,Women,15-44,Non-standardised,Stage 4,1-year,2013-2017,England,230,60.8,54.5,67.1
Cervix,Women,45-54,Non-standardised,Stage 4,1-year,2013-2017,England,193,65.4,58.7,72.1
Cervix,Women,55-64,Non-standardised,Stage 4,1-year,2013-2017,England,199,53.1,46.1,60.0
Cervix,Women,65-74,Non-standardised,Stage 4,1-year,2013-2017,England,198,40.0,33.1,46.8
Cervix,Women,75-99,Non-standardised,Stage 4,1-year,2013-2017,England,244,31.1,25.1,37.1
Cervix,Women,All ages,Non-standardised,Stage 4,1-year,2013-2017,England,"1,064",49.5,46.5,52.6
Cervix,Women,All ages,Age-standardised,Stage 4,1-year,2013-2017,England,"1,064",50.1,47.1,53.3
Cervix,Women,15-44,Non-standardised,Unknown/missing,1-year,2013-2017,England,874,92.7,91.0,94.4
Cervix,Women,45-54,Non-standardised,Unknown/missing,1-year,2013-2017,England,310,77.5,72.8,82.2
Cervix,Women,55-64,Non-standardised,Unknown/missing,1-year,2013-2017,England,284,72.7,67.5,77.9
Cervix,Women,65-74,Non-standardised,Unknown/missing,1-year,2013-2017,England,264,55.6,49.6,61.7
Cervix,Women,75-99,Non-standardised,Unknown/missing,1-year,2013-2017,England,400,36.9,31.9,41.9
Cervix,Women,All ages,Non-standardised,Unknown/missing,1-year,2013-2017,England,"2,132",72.7,70.8,74.7
Cervix,Women,All ages,Age-standardised,Unknown/missing,1-year,2013-2017,England,"2,132",67.8,65.5,70.2
Cervix,Women,15-44,Non-standardised,All stages combined,1-year,2013-2017,England,"6,811",96.3,95.9,96.8
Cervix,Women,45-54,Non-standardised,All stages combined,1-year,2013-2017,England,"2,159",91.4,90.2,92.6
Cervix,Women,55-64,Non-standardised,All stages combined,1-year,2013-2017,England,"1,516",84.8,83.0,86.7
Cervix,Women,65-74,Non-standardised,All stages combined,1-year,2013-2017,England,"1,091",72.8,70.1,75.5
Cervix,Women,75-99,Non-standardised,All stages combined,1-year,2013-2017,England,"1,272",54.3,51.4,57.2
Cervix,Women,All ages,Non-standardised,All stages combined,1-year,2013-2017,England,"12,849",88.0,87.4,88.6
Cervix,Women,All ages,Age-standardised,All stages combined,1-year,2013-2017,England,"12,849",81.1,80.2,82.1
Cervix,Women,15-44,Non-standardised,Stage 1,5-years,2013-2017,England,"4,800",97.2,96.6,97.8
Cervix,Women,45-54,Non-standardised,Stage 1,5-years,2013-2017,England,"1,059",95.7,94.1,97.4
Cervix,Women,55-64,Non-standardised,Stage 1,5-years,2013-2017,England,531,92.8,89.3,96.3
Cervix,Women,65-74,Non-standardised,Stage 1,5-years,2013-2017,England,197,83.9,76.2,91.6
Cervix,Women,75-99,Non-standardised,Stage 1,5-years,2013-2017,England,154,63.3,47.6,79.0
Cervix,Women,All ages,Non-standardised,Stage 1,5-years,2013-2017,England,"6,741",95.5,94.8,96.3
Cervix,Women,All ages,Age-standardised,Stage 1,5-years,2013-2017,England,"6,741",87.8,84.3,91.4
Cervix,Women,15-44,Non-standardised,Stage 2,5-years,2013-2017,England,705,72.0,67.2,76.8
Cervix,Women,45-54,Non-standardised,Stage 2,5-years,2013-2017,England,444,70.0,63.9,76.1
Cervix,Women,55-64,Non-standardised,Stage 2,5-years,2013-2017,England,369,74.1,66.6,81.6
Cervix,Women,65-99,Non-standardised,Stage 2,5-years,2013-2017,England,596,58.3,51.5,65.0
Cervix,Women,All ages,Non-standardised,Stage 2,5-years,2013-2017,England,"2,114",68.0,64.9,71.1
Cervix,Women,All ages,Age-standardised,Stage 2,5-years,2013-2017,England,"2,114",67.1,63.8,70.6
Cervix,Women,15-44,Non-standardised,Stage 3,5-years,2013-2017,England,202,:,:,:
Cervix,Women,45-54,Non-standardised,Stage 3,5-years,2013-2017,England,153,52.5,42.2,62.7
Cervix,Women,55-64,Non-standardised,Stage 3,5-years,2013-2017,England,133,:,:,:
Cervix,Women,65-74,Non-standardised,Stage 3,5-years,2013-2017,England,136,35.5,23.5,47.5
Cervix,Women,75-99,Non-standardised,Stage 3,5-years,2013-2017,England,174,:,:,:
Cervix,Women,All ages,Non-standardised,Stage 3,5-years,2013-2017,England,798,41.9,37.3,46.5
Cervix,Women,All ages,Age-standardised,Stage 3,5-years,2013-2017,England,798,:,:,:
Cervix,Women,15-44,Non-standardised,Stage 4,5-years,2013-2017,England,230,:,:,:
Cervix,Women,45-54,Non-standardised,Stage 4,5-years,2013-2017,England,193,:,:,:
Cervix,Women,55-64,Non-standardised,Stage 4,5-years,2013-2017,England,199,19.5,11.9,27.1
Cervix,Women,65-74,Non-standardised,Stage 4,5-years,2013-2017,England,198,:,:,:
Cervix,Women,75-99,Non-standardised,Stage 4,5-years,2013-2017,England,244,:,:,:
Cervix,Women,All ages,Non-standardised,Stage 4,5-years,2013-2017,England,"1,064",16.0,12.9,19.1
Cervix,Women,All ages,Age-standardised,Stage 4,5-years,2013-2017,England,"1,064",:,:,:
Cervix,Women,15-44,Non-standardised,Unknown/missing,5-years,2013-2017,England,874,:,:,:
Cervix,Women,45-54,Non-standardised,Unknown/missing,5-years,2013-2017,England,310,60.7,54.8,66.6
Cervix,Women,55-64,Non-standardised,Unknown/missing,5-years,2013-2017,England,284,50.8,44.0,57.6
Cervix,Women,65-74,Non-standardised,Unknown/missing,5-years,2013-2017,England,264,30.8,24.0,37.6
Cervix,Women,75-99,Non-standardised,Unknown/missing,5-years,2013-2017,England,400,19.2,14.1,24.4
Cervix,Women,All ages,Non-standardised,Unknown/missing,5-years,2013-2017,England,"2,132",57.2,54.8,59.6
Cervix,Women,All ages,Age-standardised,Unknown/missing,5-years,2013-2017,England,"2,132",:,:,:
Cervix,Women,15-44,Non-standardised,All stages combined,5-years,2013-2017,England,"6,811",89.1,88.2,90.0
Cervix,Women,45-54,Non-standardised,All stages combined,5-years,2013-2017,England,"2,159",76.0,73.7,78.2
Cervix,Women,55-64,Non-standardised,All stages combined,5-years,2013-2017,England,"1,516",66.6,63.5,69.8
Cervix,Women,65-74,Non-standardised,All stages combined,5-years,2013-2017,England,"1,091",46.2,42.3,50.2
Cervix,Women,75-99,Non-standardised,All stages combined,5-years,2013-2017,England,"1,272",30.0,26.1,33.9
Cervix,Women,All ages,Non-standardised,All stages combined,5-years,2013-2017,England,"12,849",74.8,73.8,75.8
Cervix,Women,All ages,Age-standardised,All stages combined,5-years,2013-2017,England,"12,849",61.4,59.8,63.2
Colon,Men,15-44,Non-standardised,Stage 1,1-year,2013-2017,England,285,99.3,98.4,100.3
Colon,Men,45-54,Non-standardised,Stage 1,1-year,2013-2017,England,337,99.1,97.9,100.3
Colon,Men,55-64,Non-standardised,Stage 1,1-year,2013-2017,England,"1,606",99.6,99.0,100.1
Colon,Men,65-74,Non-standardised,Stage 1,1-year,2013-2017,England,"2,921",97.7,96.9,98.4
Colon,Men,75-99,Non-standardised,Stage 1,1-year,2013-2017,England,"2,900",94.4,93.1,95.6
Colon,Men,All ages,Non-standardised,Stage 1,1-year,2013-2017,England,"8,049",97.0,96.4,97.5
Colon,Men,All ages,Age-standardised,Stage 1,1-year,2013-2017,England,"8,049",97.4,96.9,97.9
Colon,Men,15-44,Non-standardised,Stage 2,1-year,2013-2017,England,456,98.6,97.4,99.7
Colon,Men,45-54,Non-standardised,Stage 2,1-year,2013-2017,England,820,98.1,97.1,99.1
Colon,Men,55-64,Non-standardised,Stage 2,1-year,2013-2017,England,"2,344",97.0,96.2,97.8
Colon,Men,65-74,Non-standardised,Stage 2,1-year,2013-2017,England,"4,716",95.6,94.9,96.3
Colon,Men,75-99,Non-standardised,Stage 2,1-year,2013-2017,England,"6,906",88.5,87.6,89.5
Colon,Men,All ages,Non-standardised,Stage 2,1-year,2013-2017,England,"15,242",92.9,92.3,93.4
Colon,Men,All ages,Age-standardised,Stage 2,1-year,2013-2017,England,"15,242",94.3,93.9,94.7
Colon,Men,15-44,Non-standardised,Stage 3,1-year,2013-2017,England,508,93.0,90.8,95.2
Colon,Men,45-54,Non-standardised,Stage 3,1-year,2013-2017,England,957,92.8,91.1,94.5
Colon,Men,55-64,Non-standardised,Stage 3,1-year,2013-2017,England,"2,518",93.7,92.7,94.7
Colon,Men,65-74,Non-standardised,Stage 3,1-year,2013-2017,England,"4,366",90.9,89.9,91.8
Colon,Men,75-99,Non-standardised,Stage 3,1-year,2013-2017,England,"5,565",79.6,78.4,80.9
Colon,Men,All ages,Non-standardised,Stage 3,1-year,2013-2017,England,"13,914",87.1,86.5,87.7
Colon,Men,All ages,Age-standardised,Stage 3,1-year,2013-2017,England,"13,914",88.4,87.9,89.0
Colon,Men,15-44,Non-standardised,Stage 4,1-year,2013-2017,England,478,58.2,53.7,62.6
Colon,Men,45-54,Non-standardised,Stage 4,1-year,2013-2017,England,"1,119",54.6,51.6,57.5
Colon,Men,55-64,Non-standardised,Stage 4,1-year,2013-2017,England,"2,468",53.9,51.9,55.9
Colon,Men,65-74,Non-standardised,Stage 4,1-year,2013-2017,England,"4,277",43.8,42.3,45.3
Colon,Men,75-99,Non-standardised,Stage 4,1-year,2013-2017,England,"6,361",28.4,27.3,29.6
Colon,Men,All ages,Non-standardised,Stage 4,1-year,2013-2017,England,"14,703",40.1,39.3,40.9
Colon,Men,All ages,Age-standardised,Stage 4,1-year,2013-2017,England,"14,703",42.4,41.6,43.3
Colon,Men,15-44,Non-standardised,Unstageable,1-year,2013-2017,England,3,:,:,:
Colon,Men,45-54,Non-standardised,Unstageable,1-year,2013-2017,England,1,:,:,:
Colon,Men,55-64,Non-standardised,Unstageable,1-year,2013-2017,England,6,:,:,:
Colon,Men,65-74,Non-standardised,Unstageable,1-year,2013-2017,England,12,:,:,:
Colon,Men,75-99,Non-standardised,Unstageable,1-year,2013-2017,England,14,:,:,:
Colon,Men,All ages,Non-standardised,Unstageable,1-year,2013-2017,England,36,48.3,32.0,64.6
Colon,Men,All ages,Age-standardised,Unstageable,1-year,2013-2017,England,36,:,:,:
Colon,Men,15-44,Non-standardised,Unknown/missing,1-year,2013-2017,England,272,94.1,91.2,96.9
Colon,Men,45-54,Non-standardised,Unknown/missing,1-year,2013-2017,England,241,84.5,79.9,89.0
Colon,Men,55-64,Non-standardised,Unknown/missing,1-year,2013-2017,England,629,76.7,73.4,80.1
Colon,Men,65-74,Non-standardised,Unknown/missing,1-year,2013-2017,England,"1,329",62.7,60.1,65.4
Colon,Men,75-99,Non-standardised,Unknown/missing,1-year,2013-2017,England,"3,851",42.2,40.5,43.9
Colon,Men,All ages,Non-standardised,Unknown/missing,1-year,2013-2017,England,"6,322",53.7,52.4,55.0
Colon,Men,All ages,Age-standardised,Unknown/missing,1-year,2013-2017,England,"6,322",62.4,61.1,63.8
Colon,Men,15-44,Non-standardised,All stages combined,1-year,2013-2017,England,"2,002",86.9,85.5,88.4
Colon,Men,45-54,Non-standardised,All stages combined,1-year,2013-2017,England,"3,475",81.8,80.5,83.1
Colon,Men,55-64,Non-standardised,All stages combined,1-year,2013-2017,England,"9,571",84.1,83.4,84.9
Colon,Men,65-74,Non-standardised,All stages combined,1-year,2013-2017,England,"17,621",79.7,79.1,80.3
Colon,Men,75-99,Non-standardised,All stages combined,1-year,2013-2017,England,"25,597",65.3,64.7,66.0
Colon,Men,All ages,Non-standardised,All stages combined,1-year,2013-2017,England,"58,266",74.5,74.1,74.9
Colon,Men,All ages,Age-standardised,All stages combined,1-year,2013-2017,England,"58,266",76.9,76.5,77.2
Colon,Men,15-54,Non-standardised,Stage 1,5-years,2013-2017,England,622,98.1,96.4,99.7
Colon,Men,55-64,Non-standardised,Stage 1,5-years,2013-2017,England,"1,606",95.7,93.6,97.8
Colon,Men,65-74,Non-standardised,Stage 1,5-years,2013-2017,England,"2,921",94.9,92.8,96.9
Colon,Men,75-99,Non-standardised,Stage 1,5-years,2013-2017,England,"2,900",83.9,79.6,88.2
Colon,Men,All ages,Non-standardised,Stage 1,5-years,2013-2017,England,"8,049",91.4,89.6,93.1
Colon,Men,All ages,Age-standardised,Stage 1,5-years,2013-2017,England,"8,049",92.3,90.7,93.9
Colon,Men,15-44,Non-standardised,Stage 2,5-years,2013-2017,England,456,87.0,82.5,91.6
Colon,Men,45-54,Non-standardised,Stage 2,5-years,2013-2017,England,820,89.3,86.3,92.3
Colon,Men,55-64,Non-standardised,Stage 2,5-years,2013-2017,England,"2,344",89.2,87.2,91.2
Colon,Men,65-74,Non-standardised,Stage 2,5-years,2013-2017,England,"4,716",87.9,86.1,89.7
Colon,Men,75-99,Non-standardised,Stage 2,5-years,2013-2017,England,"6,906",80.0,77.3,82.7
Colon,Men,All ages,Non-standardised,Stage 2,5-years,2013-2017,England,"15,242",84.6,83.2,86.0
Colon,Men,All ages,Age-standardised,Stage 2,5-years,2013-2017,England,"15,242",85.9,84.8,87.1
Colon,Men,15-44,Non-standardised,Stage 3,5-years,2013-2017,England,508,69.6,64.1,75.0
Colon,Men,45-54,Non-standardised,Stage 3,5-years,2013-2017,England,957,71.8,67.9,75.6
Colon,Men,55-64,Non-standardised,Stage 3,5-years,2013-2017,England,"2,518",72.2,69.6,74.8
Colon,Men,65-74,Non-standardised,Stage 3,5-years,2013-2017,England,"4,366",66.5,64.3,68.8
Colon,Men,75-99,Non-standardised,Stage 3,5-years,2013-2017,England,"5,565",49.9,47.1,52.8
Colon,Men,All ages,Non-standardised,Stage 3,5-years,2013-2017,England,"13,914",61.4,59.9,62.9
Colon,Men,All ages,Age-standardised,Stage 3,5-years,2013-2017,England,"13,914",63.1,61.7,64.6
Colon,Men,15-44,Non-standardised,Stage 4,5-years,2013-2017,England,478,17.3,12.6,22.0
Colon,Men,45-54,Non-standardised,Stage 4,5-years,2013-2017,England,"1,119",14.4,11.5,17.3
Colon,Men,55-64,Non-standardised,Stage 4,5-years,2013-2017,England,"2,468",13.5,11.6,15.4
Colon,Men,65-74,Non-standardised,Stage 4,5-years,2013-2017,England,"4,277",11.6,10.2,13.0
Colon,Men,75-99,Non-standardised,Stage 4,5-years,2013-2017,England,"6,361",4.4,3.5,5.3
Colon,Men,All ages,Non-standardised,Stage 4,5-years,2013-2017,England,"14,703",9.2,8.5,9.9
Colon,Men,All ages,Age-standardised,Stage 4,5-years,2013-2017,England,"14,703",9.6,8.8,10.4
Colon,Men,15-44,Non-standardised,Unstageable,5-years,2013-2017,England,3,:,:,:
Colon,Men,45-54,Non-standardised,Unstageable,5-years,2013-2017,England,1,:,:,:
Colon,Men,55-64,Non-standardised,Unstageable,5-years,2013-2017,England,6,:,:,:
Colon,Men,65-74,Non-standardised,Unstageable,5-years,2013-2017,England,12,:,:,:
Colon,Men,75-99,Non-standardised,Unstageable,5-years,2013-2017,England,14,:,:,:
Colon,Men,All ages,Non-standardised,Unstageable,5-years,2013-2017,England,36,:,:,:
Colon,Men,All ages,Age-standardised,Unstageable,5-years,2013-2017,England,36,:,:,:
Colon,Men,15-44,Non-standardised,Unknown/missing,5-years,2013-2017,England,272,82.5,77.4,87.5
Colon,Men,45-54,Non-standardised,Unknown/missing,5-years,2013-2017,England,241,66.1,59.3,72.8
Colon,Men,55-64,Non-standardised,Unknown/missing,5-years,2013-2017,England,629,59.6,55.1,64.1
Colon,Men,65-74,Non-standardised,Unknown/missing,5-years,2013-2017,England,"1,329",46.1,42.8,49.4
Colon,Men,75-99,Non-standardised,Unknown/missing,5-years,2013-2017,England,"3,851",18.4,16.3,20.4
Colon,Men,All ages,Non-standardised,Unknown/missing,5-years,2013-2017,England,"6,322",33.1,31.5,34.7
Colon,Men,All ages,Age-standardised,Unknown/missing,5-years,2013-2017,England,"6,322",40.7,39.0,42.6
Colon,Men,15-44,Non-standardised,All stages combined,5-years,2013-2017,England,"2,002",67.7,65.2,70.2
Colon,Men,45-54,Non-standardised,All stages combined,5-years,2013-2017,England,"3,475",59.5,57.5,61.6
Colon,Men,55-64,Non-standardised,All stages combined,5-years,2013-2017,England,"9,571",64.1,62.9,65.4
Colon,Men,65-74,Non-standardised,All stages combined,5-years,2013-2017,England,"17,621",61.9,60.9,63.0
Colon,Men,75-99,Non-standardised,All stages combined,5-years,2013-2017,England,"25,597",45.7,44.5,46.9
Colon,Men,All ages,Non-standardised,All stages combined,5-years,2013-2017,England,"58,266",55.2,54.5,55.9
Colon,Men,All ages,Age-standardised,All stages combined,5-years,2013-2017,England,"58,266",57.3,56.6,57.9
Colon,Women,15-44,Non-standardised,Stage 1,1-year,2013-2017,England,381,99.5,98.8,100.2
Colon,Women,45-54,Non-standardised,Stage 1,1-year,2013-2017,England,386,99.9,99.4,100.4
Colon,Women,55-64,Non-standardised,Stage 1,1-year,2013-2017,England,"1,126",98.7,97.9,99.5
Colon,Women,65-74,Non-standardised,Stage 1,1-year,2013-2017,England,"2,077",98.4,97.6,99.1
Colon,Women,75-99,Non-standardised,Stage 1,1-year,2013-2017,England,"2,613",95.9,94.7,97.1
Colon,Women,All ages,Non-standardised,Stage 1,1-year,2013-2017,England,"6,583",97.6,97.1,98.2
Colon,Women,All ages,Age-standardised,Stage 1,1-year,2013-2017,England,"6,583",98.0,97.5,98.4
Colon,Women,15-44,Non-standardised,Stage 2,1-year,2013-2017,England,467,98.3,97.2,99.5
Colon,Women,45-54,Non-standardised,Stage 2,1-year,2013-2017,England,790,98.3,97.3,99.3
Colon,Women,55-64,Non-standardised,Stage 2,1-year,2013-2017,England,"1,846",97.6,96.8,98.3
Colon,Women,65-74,Non-standardised,Stage 2,1-year,2013-2017,England,"3,662",95.0,94.2,95.8
Colon,Women,75-99,Non-standardised,Stage 2,1-year,2013-2017,England,"7,074",88.1,87.1,89.0
Colon,Women,All ages,Non-standardised,Stage 2,1-year,2013-2017,England,"13,839",92.1,91.6,92.7
Colon,Women,All ages,Age-standardised,Stage 2,1-year,2013-2017,England,"13,839",94.1,93.7,94.5
Colon,Women,15-44,Non-standardised,Stage 3,1-year,2013-2017,England,522,97.0,95.5,98.5
Colon,Women,45-54,Non-standardised,Stage 3,1-year,2013-2017,England,905,95.2,93.8,96.7
Colon,Women,55-64,Non-standardised,Stage 3,1-year,2013-2017,England,"2,020",94.2,93.1,95.2
Colon,Women,65-74,Non-standardised,Stage 3,1-year,2013-2017,England,"3,429",89.5,88.4,90.6
Colon,Women,75-99,Non-standardised,Stage 3,1-year,2013-2017,England,"6,001",73.3,72.1,74.6
Colon,Women,All ages,Non-standardised,Stage 3,1-year,2013-2017,England,"12,877",83.4,82.7,84.1
Colon,Women,All ages,Age-standardised,Stage 3,1-year,2013-2017,England,"12,877",86.6,86.0,87.2
Colon,Women,15-44,Non-standardised,Stage 4,1-year,2013-2017,England,614,60.8,56.9,64.6
Colon,Women,45-54,Non-standardised,Stage 4,1-year,2013-2017,England,"1,033",58.4,55.3,61.4
Colon,Women,55-64,Non-standardised,Stage 4,1-year,2013-2017,England,"2,049",53.1,51.0,55.3
Colon,Women,65-74,Non-standardised,Stage 4,1-year,2013-2017,England,"3,190",42.7,41.0,44.5
Colon,Women,75-99,Non-standardised,Stage 4,1-year,2013-2017,England,"6,303",22.2,21.2,23.3
Colon,Women,All ages,Non-standardised,Stage 4,1-year,2013-2017,England,"13,189",36.6,35.8,37.5
Colon,Women,All ages,Age-standardised,Stage 4,1-year,2013-2017,England,"13,189",39.6,38.7,40.4
Colon,Women,15-44,Non-standardised,Unstageable,1-year,2013-2017,England,1,:,:,:
Colon,Women,45-54,Non-standardised,Unstageable,1-year,2013-2017,England,6,:,:,:
Colon,Women,55-64,Non-standardised,Unstageable,1-year,2013-2017,England,6,:,:,:
Colon,Women,65-74,Non-standardised,Unstageable,1-year,2013-2017,England,4,:,:,:
Colon,Women,75-99,Non-standardised,Unstageable,1-year,2013-2017,England,17,:,:,:
Colon,Women,All ages,Non-standardised,Unstageable,1-year,2013-2017,England,34,60.0,43.4,76.6
Colon,Women,All ages,Age-standardised,Unstageable,1-year,2013-2017,England,34,:,:,:
Colon,Women,15-44,Non-standardised,Unknown/missing,1-year,2013-2017,England,299,94.0,91.2,96.7
Colon,Women,45-54,Non-standardised,Unknown/missing,1-year,2013-2017,England,221,85.1,80.3,89.8
Colon,Women,55-64,Non-standardised,Unknown/missing,1-year,2013-2017,England,500,80.7,77.2,84.2
Colon,Women,65-74,Non-standardised,Unknown/missing,1-year,2013-2017,England,988,61.4,58.3,64.4
Colon,Women,75-99,Non-standardised,Unknown/missing,1-year,2013-2017,England,"5,007",35.1,33.7,36.5
Colon,Women,All ages,Non-standardised,Unknown/missing,1-year,2013-2017,England,"7,015",46.1,44.9,47.3
Colon,Women,All ages,Age-standardised,Unknown/missing,1-year,2013-2017,England,"7,015",59.6,58.3,60.9
Colon,Women,15-44,Non-standardised,All stages combined,1-year,2013-2017,England,"2,284",87.6,86.2,88.9
Colon,Women,45-54,Non-standardised,All stages combined,1-year,2013-2017,England,"3,341",84.4,83.2,85.7
Colon,Women,55-64,Non-standardised,All stages combined,1-year,2013-2017,England,"7,547",83.7,82.8,84.5
Colon,Women,65-74,Non-standardised,All stages combined,1-year,2013-2017,England,"13,350",79.1,78.4,79.8
Colon,Women,75-99,Non-standardised,All stages combined,1-year,2013-2017,England,"27,015",60.3,59.7,61.0
Colon,Women,All ages,Non-standardised,All stages combined,1-year,2013-2017,England,"53,537",71.0,70.6,71.4
Colon,Women,All ages,Age-standardised,All stages combined,1-year,2013-2017,England,"53,537",75.2,74.8,75.6
Colon,Women,15-44,Non-standardised,Stage 1,5-years,2013-2017,England,381,:,:,:
Colon,Women,45-54,Non-standardised,Stage 1,5-years,2013-2017,England,386,:,:,:
Colon,Women,55-64,Non-standardised,Stage 1,5-years,2013-2017,England,"1,126",96.3,94.3,98.3
Colon,Women,65-74,Non-standardised,Stage 1,5-years,2013-2017,England,"2,077",96.5,94.4,98.5
Colon,Women,75-99,Non-standardised,Stage 1,5-years,2013-2017,England,"2,613",85.8,81.3,90.3
Colon,Women,All ages,Non-standardised,Stage 1,5-years,2013-2017,England,"6,583",92.4,90.4,94.4
Colon,Women,All ages,Age-standardised,Stage 1,5-years,2013-2017,England,"6,583",:,:,:
Colon,Women,15-44,Non-standardised,Stage 2,5-years,2013-2017,England,467,91.5,87.9,95.1
Colon,Women,45-54,Non-standardised,Stage 2,5-years,2013-2017,England,790,89.8,86.7,92.9
Colon,Women,55-64,Non-standardised,Stage 2,5-years,2013-2017,England,"1,846",91.1,89.2,93.1
Colon,Women,65-74,Non-standardised,Stage 2,5-years,2013-2017,England,"3,662",87.4,85.6,89.3
Colon,Women,75-99,Non-standardised,Stage 2,5-years,2013-2017,England,"7,074",80.9,78.3,83.5
Colon,Women,All ages,Non-standardised,Stage 2,5-years,2013-2017,England,"13,839",84.9,83.4,86.3
Colon,Women,All ages,Age-standardised,Stage 2,5-years,2013-2017,England,"13,839",86.9,85.7,88.0
Colon,Women,15-44,Non-standardised,Stage 3,5-years,2013-2017,England,522,80.4,75.8,85.0
Colon,Women,45-54,Non-standardised,Stage 3,5-years,2013-2017,England,905,76.6,73.0,80.2
Colon,Women,55-64,Non-standardised,Stage 3,5-years,2013-2017,England,"2,020",75.3,72.7,78.0
Colon,Women,65-74,Non-standardised,Stage 3,5-years,2013-2017,England,"3,429",68.0,65.6,70.4
Colon,Women,75-99,Non-standardised,Stage 3,5-years,2013-2017,England,"6,001",50.4,48.0,52.8
Colon,Women,All ages,Non-standardised,Stage 3,5-years,2013-2017,England,"12,877",62.0,60.6,63.4
Colon,Women,All ages,Age-standardised,Stage 3,5-years,2013-2017,England,"12,877",65.5,64.2,66.8
Colon,Women,15-44,Non-standardised,Stage 4,5-years,2013-2017,England,614,17.3,13.2,21.4
Colon,Women,45-54,Non-standardised,Stage 4,5-years,2013-2017,England,"1,033",15.3,12.3,18.3
Colon,Women,55-64,Non-standardised,Stage 4,5-years,2013-2017,England,"2,049",14.5,12.5,16.5
Colon,Women,65-74,Non-standardised,Stage 4,5-years,2013-2017,England,"3,190",11.6,10.0,13.1
Colon,Women,75-99,Non-standardised,Stage 4,5-years,2013-2017,England,"6,303",5.1,4.2,6.0
Colon,Women,All ages,Non-standardised,Stage 4,5-years,2013-2017,England,"13,189",9.5,8.8,10.2
Colon,Women,All ages,Age-standardised,Stage 4,5-years,2013-2017,England,"13,189",10.2,9.5,11.0
Colon,Women,15-44,Non-standardised,Unstageable,5-years,2013-2017,England,1,:,:,:
Colon,Women,45-54,Non-standardised,Unstageable,5-years,2013-2017,England,6,:,:,:
Colon,Women,55-64,Non-standardised,Unstageable,5-years,2013-2017,England,6,:,:,:
Colon,Women,65-74,Non-standardised,Unstageable,5-years,2013-2017,England,4,:,:,:
Colon,Women,75-99,Non-standardised,Unstageable,5-years,2013-2017,England,17,:,:,:
Colon,Women,All ages,Non-standardised,Unstageable,5-years,2013-2017,England,34,:,:,:
Colon,Women,All ages,Age-standardised,Unstageable,5-years,2013-2017,England,34,:,:,:
Colon,Women,15-44,Non-standardised,Unknown/missing,5-years,2013-2017,England,299,86.8,82.2,91.4
Colon,Women,45-54,Non-standardised,Unknown/missing,5-years,2013-2017,England,221,70.6,63.3,77.9
Colon,Women,55-64,Non-standardised,Unknown/missing,5-years,2013-2017,England,500,63.3,58.4,68.2
Colon,Women,65-74,Non-standardised,Unknown/missing,5-years,2013-2017,England,988,46.2,42.6,49.9
Colon,Women,75-99,Non-standardised,Unknown/missing,5-years,2013-2017,England,"5,007",15.6,14.0,17.3
Colon,Women,All ages,Non-standardised,Unknown/missing,5-years,2013-2017,England,"7,015",28.3,26.8,29.8
Colon,Women,All ages,Age-standardised,Unknown/missing,5-years,2013-2017,England,"7,015",39.9,38.2,41.7
Colon,Women,15-44,Non-standardised,All stages combined,5-years,2013-2017,England,"2,284",70.3,68.0,72.6
Colon,Women,45-54,Non-standardised,All stages combined,5-years,2013-2017,England,"3,341",62.9,60.9,65.0
Colon,Women,55-64,Non-standardised,All stages combined,5-years,2013-2017,England,"7,547",64.6,63.3,66.0
Colon,Women,65-74,Non-standardised,All stages combined,5-years,2013-2017,England,"13,350",62.7,61.5,63.8
Colon,Women,75-99,Non-standardised,All stages combined,5-years,2013-2017,England,"27,015",44.6,43.5,45.7
Colon,Women,All ages,Non-standardised,All stages combined,5-years,2013-2017,England,"53,537",54.2,53.5,54.8
Colon,Women,All ages,Age-standardised,All stages combined,5-years,2013-2017,England,"53,537",57.7,57.0,58.3
Colon,Persons,15-44,Non-standardised,Stage 1,1-year,2013-2017,England,666,99.4,98.9,100.0
Colon,Persons,45-54,Non-standardised,Stage 1,1-year,2013-2017,England,723,99.5,98.9,100.2
Colon,Persons,55-64,Non-standardised,Stage 1,1-year,2013-2017,England,"2,732",99.2,98.8,99.7
Colon,Persons,65-74,Non-standardised,Stage 1,1-year,2013-2017,England,"4,998",98.0,97.5,98.5
Colon,Persons,75-99,Non-standardised,Stage 1,1-year,2013-2017,England,"5,513",95.1,94.2,96.0
Colon,Persons,All ages,Non-standardised,Stage 1,1-year,2013-2017,England,"14,632",97.3,96.9,97.7
Colon,Persons,All ages,Age-standardised,Stage 1,1-year,2013-2017,England,"14,632",97.7,97.4,98.0
Colon,Persons,15-44,Non-standardised,Stage 2,1-year,2013-2017,England,923,98.5,97.6,99.3
Colon,Persons,45-54,Non-standardised,Stage 2,1-year,2013-2017,England,"1,610",98.2,97.5,98.9
Colon,Persons,55-64,Non-standardised,Stage 2,1-year,2013-2017,England,"4,190",97.3,96.7,97.8
Colon,Persons,65-74,Non-standardised,Stage 2,1-year,2013-2017,England,"8,378",95.4,94.8,95.9
Colon,Persons,75-99,Non-standardised,Stage 2,1-year,2013-2017,England,"13,980",88.3,87.6,89.0
Colon,Persons,All ages,Non-standardised,Stage 2,1-year,2013-2017,England,"29,081",92.5,92.1,92.9
Colon,Persons,All ages,Age-standardised,Stage 2,1-year,2013-2017,England,"29,081",94.2,93.9,94.5
Colon,Persons,15-44,Non-standardised,Stage 3,1-year,2013-2017,England,"1,030",95.0,93.7,96.4
Colon,Persons,45-54,Non-standardised,Stage 3,1-year,2013-2017,England,"1,862",94.0,92.9,95.1
Colon,Persons,55-64,Non-standardised,Stage 3,1-year,2013-2017,England,"4,538",93.9,93.2,94.6
Colon,Persons,65-74,Non-standardised,Stage 3,1-year,2013-2017,England,"7,795",90.3,89.5,91.0
Colon,Persons,75-99,Non-standardised,Stage 3,1-year,2013-2017,England,"11,566",76.4,75.5,77.2
Colon,Persons,All ages,Non-standardised,Stage 3,1-year,2013-2017,England,"26,791",85.3,84.8,85.8
Colon,Persons,All ages,Age-standardised,Stage 3,1-year,2013-2017,England,"26,791",87.5,87.1,87.9
Colon,Persons,15-44,Non-standardised,Stage 4,1-year,2013-2017,England,"1,092",59.6,56.7,62.5
Colon,Persons,45-54,Non-standardised,Stage 4,1-year,2013-2017,England,"2,152",56.4,54.3,58.5
Colon,Persons,55-64,Non-standardised,Stage 4,1-year,2013-2017,England,"4,517",53.5,52.1,55.0
Colon,Persons,65-74,Non-standardised,Stage 4,1-year,2013-2017,England,"7,467",43.3,42.2,44.5
Colon,Persons,75-99,Non-standardised,Stage 4,1-year,2013-2017,England,"12,664",25.4,24.6,26.2
Colon,Persons,All ages,Non-standardised,Stage 4,1-year,2013-2017,England,"27,892",38.5,37.9,39.1
Colon,Persons,All ages,Age-standardised,Stage 4,1-year,2013-2017,England,"27,892",41.1,40.5,41.7
Colon,Persons,15-44,Non-standardised,Unstageable,1-year,2013-2017,England,4,:,:,:
Colon,Persons,45-54,Non-standardised,Unstageable,1-year,2013-2017,England,7,:,:,:
Colon,Persons,55-64,Non-standardised,Unstageable,1-year,2013-2017,England,12,91.7,76.7,106.6
Colon,Persons,65-74,Non-standardised,Unstageable,1-year,2013-2017,England,16,:,:,:
Colon,Persons,75-99,Non-standardised,Unstageable,1-year,2013-2017,England,31,:,:,:
Colon,Persons,All ages,Non-standardised,Unstageable,1-year,2013-2017,England,70,54.0,42.2,65.9
Colon,Persons,All ages,Age-standardised,Unstageable,1-year,2013-2017,England,70,:,:,:
Colon,Persons,15-44,Non-standardised,Unknown/missing,1-year,2013-2017,England,571,94.0,92.1,96.0
Colon,Persons,45-54,Non-standardised,Unknown/missing,1-year,2013-2017,England,462,84.7,81.4,88.1
Colon,Persons,55-64,Non-standardised,Unknown/missing,1-year,2013-2017,England,"1,129",78.5,76.1,80.9
Colon,Persons,65-74,Non-standardised,Unknown/missing,1-year,2013-2017,England,"2,317",62.1,60.1,64.1
Colon,Persons,75-99,Non-standardised,Unknown/missing,1-year,2013-2017,England,"8,858",38.2,37.1,39.3
Colon,Persons,All ages,Non-standardised,Unknown/missing,1-year,2013-2017,England,"13,337",49.7,48.8,50.6
Colon,Persons,All ages,Age-standardised,Unknown/missing,1-year,2013-2017,England,"13,337",60.8,59.9,61.8
Colon,Persons,15-44,Non-standardised,All stages combined,1-year,2013-2017,England,"4,286",87.3,86.3,88.3
Colon,Persons,45-54,Non-standardised,All stages combined,1-year,2013-2017,England,"6,816",83.1,82.2,84.0
Colon,Persons,55-64,Non-standardised,All stages combined,1-year,2013-2017,England,"17,118",83.9,83.4,84.5
Colon,Persons,65-74,Non-standardised,All stages combined,1-year,2013-2017,England,"30,971",79.4,79.0,79.9
Colon,Persons,75-99,Non-standardised,All stages combined,1-year,2013-2017,England,"52,612",62.8,62.3,63.2
Colon,Persons,All ages,Non-standardised,All stages combined,1-year,2013-2017,England,"111,803",72.8,72.5,73.1
Colon,Persons,All ages,Age-standardised,All stages combined,1-year,2013-2017,England,"111,803",76.0,75.8,76.3
Colon,Persons,15-54,Non-standardised,Stage 1,5-years,2013-2017,England,"1,389",98.0,96.9,99.0
Colon,Persons,55-64,Non-standardised,Stage 1,5-years,2013-2017,England,"2,732",95.9,94.4,97.5
Colon,Persons,65-74,Non-standardised,Stage 1,5-years,2013-2017,England,"4,998",95.5,94.0,97.0
Colon,Persons,75-99,Non-standardised,Stage 1,5-years,2013-2017,England,"5,513",84.8,81.6,87.9
Colon,Persons,All ages,Non-standardised,Stage 1,5-years,2013-2017,England,"14,632",91.8,90.5,93.1
Colon,Persons,All ages,Age-standardised,Stage 1,5-years,2013-2017,England,"14,632",92.8,91.7,94.0
Colon,Persons,15-44,Non-standardised,Stage 2,5-years,2013-2017,England,923,89.4,86.5,92.3
Colon,Persons,45-54,Non-standardised,Stage 2,5-years,2013-2017,England,"1,610",89.6,87.4,91.7
Colon,Persons,55-64,Non-standardised,Stage 2,5-years,2013-2017,England,"4,190",90.1,88.7,91.5
Colon,Persons,65-74,Non-standardised,Stage 2,5-years,2013-2017,England,"8,378",87.7,86.4,89.0
Colon,Persons,75-99,Non-standardised,Stage 2,5-years,2013-2017,England,"13,980",80.5,78.6,82.3
Colon,Persons,All ages,Non-standardised,Stage 2,5-years,2013-2017,England,"29,081",84.7,83.7,85.7
Colon,Persons,All ages,Age-standardised,Stage 2,5-years,2013-2017,England,"29,081",86.4,85.6,87.2
Colon,Persons,15-44,Non-standardised,Stage 3,5-years,2013-2017,England,"1,030",74.8,71.1,78.5
Colon,Persons,45-54,Non-standardised,Stage 3,5-years,2013-2017,England,"1,862",74.1,71.5,76.8
Colon,Persons,55-64,Non-standardised,Stage 3,5-years,2013-2017,England,"4,538",73.6,71.8,75.5
Colon,Persons,65-74,Non-standardised,Stage 3,5-years,2013-2017,England,"7,795",67.1,65.5,68.8
Colon,Persons,75-99,Non-standardised,Stage 3,5-years,2013-2017,England,"11,566",50.2,48.3,52.0
Colon,Persons,All ages,Non-standardised,Stage 3,5-years,2013-2017,England,"26,791",61.7,60.7,62.7
Colon,Persons,All ages,Age-standardised,Stage 3,5-years,2013-2017,England,"26,791",64.3,63.3,65.2
Colon,Persons,15-44,Non-standardised,Stage 4,5-years,2013-2017,England,"1,092",17.3,14.2,20.4
Colon,Persons,45-54,Non-standardised,Stage 4,5-years,2013-2017,England,"2,152",14.8,12.7,16.9
Colon,Persons,55-64,Non-standardised,Stage 4,5-years,2013-2017,England,"4,517",14.0,12.6,15.4
Colon,Persons,65-74,Non-standardised,Stage 4,5-years,2013-2017,England,"7,467",11.6,10.5,12.6
Colon,Persons,75-99,Non-standardised,Stage 4,5-years,2013-2017,England,"12,664",4.8,4.1,5.4
Colon,Persons,All ages,Non-standardised,Stage 4,5-years,2013-2017,England,"27,892",9.3,8.8,9.8
Colon,Persons,All ages,Age-standardised,Stage 4,5-years,2013-2017,England,"27,892",9.9,9.3,10.5
Colon,Persons,15-44,Non-standardised,Unstageable,5-years,2013-2017,England,4,:,:,:
Colon,Persons,45-54,Non-standardised,Unstageable,5-years,2013-2017,England,7,:,:,:
Colon,Persons,55-64,Non-standardised,Unstageable,5-years,2013-2017,England,12,:,:,:
Colon,Persons,65-74,Non-standardised,Unstageable,5-years,2013-2017,England,16,:,:,:
Colon,Persons,75-99,Non-standardised,Unstageable,5-years,2013-2017,England,31,:,:,:
Colon,Persons,All ages,Non-standardised,Unstageable,5-years,2013-2017,England,70,:,:,:
Colon,Persons,All ages,Age-standardised,Unstageable,5-years,2013-2017,England,70,:,:,:
Colon,Persons,15-44,Non-standardised,Unknown/missing,5-years,2013-2017,England,571,84.7,81.2,88.1
Colon,Persons,45-54,Non-standardised,Unknown/missing,5-years,2013-2017,England,462,68.4,63.5,73.3
Colon,Persons,55-64,Non-standardised,Unknown/missing,5-years,2013-2017,England,"1,129",61.3,58.0,64.6
Colon,Persons,65-74,Non-standardised,Unknown/missing,5-years,2013-2017,England,"2,317",46.2,43.7,48.6
Colon,Persons,75-99,Non-standardised,Unknown/missing,5-years,2013-2017,England,"8,858",16.8,15.6,18.1
Colon,Persons,All ages,Non-standardised,Unknown/missing,5-years,2013-2017,England,"13,337",30.6,29.5,31.7
Colon,Persons,All ages,Age-standardised,Unknown/missing,5-years,2013-2017,England,"13,337",40.2,39.0,41.5
Colon,Persons,15-44,Non-standardised,All stages combined,5-years,2013-2017,England,"4,286",69.1,67.4,70.7
Colon,Persons,45-54,Non-standardised,All stages combined,5-years,2013-2017,England,"6,816",61.2,59.8,62.7
Colon,Persons,55-64,Non-standardised,All stages combined,5-years,2013-2017,England,"17,118",64.4,63.4,65.3
Colon,Persons,65-74,Non-standardised,All stages combined,5-years,2013-2017,England,"30,971",62.2,61.5,63.0
Colon,Persons,75-99,Non-standardised,All stages combined,5-years,2013-2017,England,"52,612",45.1,44.3,46.0
Colon,Persons,All ages,Non-standardised,All stages combined,5-years,2013-2017,England,"111,803",54.7,54.2,55.2
Colon,Persons,All ages,Age-standardised,All stages combined,5-years,2013-2017,England,"111,803",57.4,57.0,57.9
Colorectal,Men,15-44,Non-standardised,Stage 1,1-year,2013-2017,England,434,99.4,98.6,100.2
Colorectal,Men,45-54,Non-standardised,Stage 1,1-year,2013-2017,England,776,99.0,98.2,99.8
Colorectal,Men,55-64,Non-standardised,Stage 1,1-year,2013-2017,England,"3,150",99.2,98.8,99.7
Colorectal,Men,65-74,Non-standardised,Stage 1,1-year,2013-2017,England,"5,600",97.8,97.2,98.3
Colorectal,Men,75-99,Non-standardised,Stage 1,1-year,2013-2017,England,"5,129",94.7,93.7,95.6
Colorectal,Men,All ages,Non-standardised,Stage 1,1-year,2013-2017,England,"15,089",97.1,96.7,97.5
Colorectal,Men,All ages,Age-standardised,Stage 1,1-year,2013-2017,England,"15,089",97.4,97.1,97.8
Colorectal,Men,15-44,Non-standardised,Stage 2,1-year,2013-2017,England,595,98.1,97.0,99.2
Colorectal,Men,45-54,Non-standardised,Stage 2,1-year,2013-2017,England,"1,215",98.7,98.0,99.4
Colorectal,Men,55-64,Non-standardised,Stage 2,1-year,2013-2017,England,"3,573",97.1,96.5,97.7
Colorectal,Men,65-74,Non-standardised,Stage 2,1-year,2013-2017,England,"6,684",95.1,94.5,95.7
Colorectal,Men,75-99,Non-standardised,Stage 2,1-year,2013-2017,England,"9,240",88.5,87.6,89.3
Colorectal,Men,All ages,Non-standardised,Stage 2,1-year,2013-2017,England,"21,307",92.9,92.4,93.3
Colorectal,Men,All ages,Age-standardised,Stage 2,1-year,2013-2017,England,"21,307",94.2,93.8,94.6
Colorectal,Men,15-44,Non-standardised,Stage 3,1-year,2013-2017,England,913,94.3,92.8,95.8
Colorectal,Men,45-54,Non-standardised,Stage 3,1-year,2013-2017,England,"2,060",94.5,93.5,95.5
Colorectal,Men,55-64,Non-standardised,Stage 3,1-year,2013-2017,England,"5,287",94.5,93.9,95.2
Colorectal,Men,65-74,Non-standardised,Stage 3,1-year,2013-2017,England,"7,956",92.2,91.5,92.9
Colorectal,Men,75-99,Non-standardised,Stage 3,1-year,2013-2017,England,"8,770",82.2,81.3,83.2
Colorectal,Men,All ages,Non-standardised,Stage 3,1-year,2013-2017,England,"24,986",89.5,89.0,89.9
Colorectal,Men,All ages,Age-standardised,Stage 3,1-year,2013-2017,England,"24,986",90.1,89.7,90.5
Colorectal,Men,15-44,Non-standardised,Stage 4,1-year,2013-2017,England,749,59.7,56.2,63.2
Colorectal,Men,45-54,Non-standardised,Stage 4,1-year,2013-2017,England,"1,818",60.0,57.7,62.2
Colorectal,Men,55-64,Non-standardised,Stage 4,1-year,2013-2017,England,"3,979",56.6,55.1,58.2
Colorectal,Men,65-74,Non-standardised,Stage 4,1-year,2013-2017,England,"6,396",48.0,46.8,49.3
Colorectal,Men,75-99,Non-standardised,Stage 4,1-year,2013-2017,England,"8,696",31.1,30.1,32.1
Colorectal,Men,All ages,Non-standardised,Stage 4,1-year,2013-2017,England,"21,638",44.2,43.5,44.9
Colorectal,Men,All ages,Age-standardised,Stage 4,1-year,2013-2017,England,"21,638",45.9,45.2,46.5
Colorectal,Men,15-44,Non-standardised,Unstageable,1-year,2013-2017,England,5,:,:,:
Colorectal,Men,45-54,Non-standardised,Unstageable,1-year,2013-2017,England,3,:,:,:
Colorectal,Men,55-64,Non-standardised,Unstageable,1-year,2013-2017,England,14,:,:,:
Colorectal,Men,65-74,Non-standardised,Unstageable,1-year,2013-2017,England,22,:,:,:
Colorectal,Men,75-99,Non-standardised,Unstageable,1-year,2013-2017,England,29,:,:,:
Colorectal,Men,All ages,Non-standardised,Unstageable,1-year,2013-2017,England,73,48.4,36.5,60.2
Colorectal,Men,All ages,Age-standardised,Unstageable,1-year,2013-2017,England,73,:,:,:
Colorectal,Men,15-44,Non-standardised,Unknown/missing,1-year,2013-2017,England,387,93.0,90.5,95.6
Colorectal,Men,45-54,Non-standardised,Unknown/missing,1-year,2013-2017,England,436,84.8,81.4,88.2
Colorectal,Men,55-64,Non-standardised,Unknown/missing,1-year,2013-2017,England,"1,117",79.5,77.1,81.9
Colorectal,Men,65-74,Non-standardised,Unknown/missing,1-year,2013-2017,England,"1,993",65.2,63.0,67.3
Colorectal,Men,75-99,Non-standardised,Unknown/missing,1-year,2013-2017,England,"5,295",44.1,42.7,45.6
Colorectal,Men,All ages,Non-standardised,Unknown/missing,1-year,2013-2017,England,"9,228",56.9,55.8,58.0
Colorectal,Men,All ages,Age-standardised,Unknown/missing,1-year,2013-2017,England,"9,228",64.5,63.4,65.5
Colorectal,Men,15-44,Non-standardised,All stages combined,1-year,2013-2017,England,"3,083",87.1,85.9,88.3
Colorectal,Men,45-54,Non-standardised,All stages combined,1-year,2013-2017,England,"6,308",85.2,84.3,86.1
Colorectal,Men,55-64,Non-standardised,All stages combined,1-year,2013-2017,England,"17,120",86.1,85.6,86.7
Colorectal,Men,65-74,Non-standardised,All stages combined,1-year,2013-2017,England,"28,651",82.2,81.7,82.7
Colorectal,Men,75-99,Non-standardised,All stages combined,1-year,2013-2017,England,"37,159",68.1,67.5,68.6
Colorectal,Men,All ages,Non-standardised,All stages combined,1-year,2013-2017,England,"92,321",77.6,77.3,77.9
Colorectal,Men,All ages,Age-standardised,All stages combined,1-year,2013-2017,England,"92,321",79.3,79.1,79.6
Colorectal,Men,15-44,Non-standardised,Stage 1,5-years,2013-2017,England,434,97.5,95.2,99.9
Colorectal,Men,45-54,Non-standardised,Stage 1,5-years,2013-2017,England,776,96.1,93.9,98.3
Colorectal,Men,55-64,Non-standardised,Stage 1,5-years,2013-2017,England,"3,150",95.5,94.0,97.0
Colorectal,Men,65-74,Non-standardised,Stage 1,5-years,2013-2017,England,"5,600",94.2,92.7,95.7
Colorectal,Men,75-99,Non-standardised,Stage 1,5-years,2013-2017,England,"5,129",80.3,77.0,83.7
Colorectal,Men,All ages,Non-standardised,Stage 1,5-years,2013-2017,England,"15,089",90.0,88.6,91.3
Colorectal,Men,All ages,Age-standardised,Stage 1,5-years,2013-2017,England,"15,089",90.7,89.4,91.9
Colorectal,Men,15-44,Non-standardised,Stage 2,5-years,2013-2017,England,595,85.8,81.8,89.8
Colorectal,Men,45-54,Non-standardised,Stage 2,5-years,2013-2017,England,"1,215",88.6,86.1,91.2
Colorectal,Men,55-64,Non-standardised,Stage 2,5-years,2013-2017,England,"3,573",88.1,86.4,89.8
Colorectal,Men,65-74,Non-standardised,Stage 2,5-years,2013-2017,England,"6,684",85.1,83.5,86.7
Colorectal,Men,75-99,Non-standardised,Stage 2,5-years,2013-2017,England,"9,240",75.9,73.6,78.2
Colorectal,Men,All ages,Non-standardised,Stage 2,5-years,2013-2017,England,"21,307",81.9,80.7,83.0
Colorectal,Men,All ages,Age-standardised,Stage 2,5-years,2013-2017,England,"21,307",83.5,82.4,84.5
Colorectal,Men,15-44,Non-standardised,Stage 3,5-years,2013-2017,England,913,70.0,65.8,74.3
Colorectal,Men,45-54,Non-standardised,Stage 3,5-years,2013-2017,England,"2,060",73.1,70.4,75.8
Colorectal,Men,55-64,Non-standardised,Stage 3,5-years,2013-2017,England,"5,287",73.2,71.4,75.0
Colorectal,Men,65-74,Non-standardised,Stage 3,5-years,2013-2017,England,"7,956",68.5,66.8,70.1
Colorectal,Men,75-99,Non-standardised,Stage 3,5-years,2013-2017,England,"8,770",50.5,48.2,52.7
Colorectal,Men,All ages,Non-standardised,Stage 3,5-years,2013-2017,England,"24,986",63.6,62.5,64.7
Colorectal,Men,All ages,Age-standardised,Stage 3,5-years,2013-2017,England,"24,986",64.2,63.2,65.3
Colorectal,Men,15-44,Non-standardised,Stage 4,5-years,2013-2017,England,749,18.7,14.9,22.5
Colorectal,Men,45-54,Non-standardised,Stage 4,5-years,2013-2017,England,"1,818",15.2,12.9,17.5
Colorectal,Men,55-64,Non-standardised,Stage 4,5-years,2013-2017,England,"3,979",14.0,12.5,15.6
Colorectal,Men,65-74,Non-standardised,Stage 4,5-years,2013-2017,England,"6,396",12.8,11.6,14.0
Colorectal,Men,75-99,Non-standardised,Stage 4,5-years,2013-2017,England,"8,696",4.8,4.0,5.6
Colorectal,Men,All ages,Non-standardised,Stage 4,5-years,2013-2017,England,"21,638",10.2,9.6,10.8
Colorectal,Men,All ages,Age-standardised,Stage 4,5-years,2013-2017,England,"21,638",10.3,9.7,11.0
Colorectal,Men,15-44,Non-standardised,Unstageable,5-years,2013-2017,England,5,:,:,:
Colorectal,Men,45-54,Non-standardised,Unstageable,5-years,2013-2017,England,3,:,:,:
Colorectal,Men,55-64,Non-standardised,Unstageable,5-years,2013-2017,England,14,:,:,:
Colorectal,Men,65-74,Non-standardised,Unstageable,5-years,2013-2017,England,22,:,:,:
Colorectal,Men,75-99,Non-standardised,Unstageable,5-years,2013-2017,England,29,:,:,:
Colorectal,Men,All ages,Non-standardised,Unstageable,5-years,2013-2017,England,73,:,:,:
Colorectal,Men,All ages,Age-standardised,Unstageable,5-years,2013-2017,England,73,:,:,:
Colorectal,Men,15-44,Non-standardised,Unknown/missing,5-years,2013-2017,England,387,81.3,76.8,85.8
Colorectal,Men,45-54,Non-standardised,Unknown/missing,5-years,2013-2017,England,436,68.8,63.9,73.7
Colorectal,Men,55-64,Non-standardised,Unknown/missing,5-years,2013-2017,England,"1,117",61.6,58.2,65.0
Colorectal,Men,65-74,Non-standardised,Unknown/missing,5-years,2013-2017,England,"1,993",47.8,45.1,50.5
Colorectal,Men,75-99,Non-standardised,Unknown/missing,5-years,2013-2017,England,"5,295",19.5,17.7,21.3
Colorectal,Men,All ages,Non-standardised,Unknown/missing,5-years,2013-2017,England,"9,228",35.8,34.4,37.2
Colorectal,Men,All ages,Age-standardised,Unknown/missing,5-years,2013-2017,England,"9,228",42.4,40.9,43.9
Colorectal,Men,15-44,Non-standardised,All stages combined,5-years,2013-2017,England,"3,083",66.4,64.3,68.5
Colorectal,Men,45-54,Non-standardised,All stages combined,5-years,2013-2017,England,"6,308",62.1,60.6,63.6
Colorectal,Men,55-64,Non-standardised,All stages combined,5-years,2013-2017,England,"17,120",65.7,64.7,66.7
Colorectal,Men,65-74,Non-standardised,All stages combined,5-years,2013-2017,England,"28,651",63.4,62.6,64.2
Colorectal,Men,75-99,Non-standardised,All stages combined,5-years,2013-2017,England,"37,159",45.8,44.8,46.8
Colorectal,Men,All ages,Non-standardised,All stages combined,5-years,2013-2017,England,"92,321",56.7,56.2,57.3
Colorectal,Men,All ages,Age-standardised,All stages combined,5-years,2013-2017,England,"92,321",58.2,57.7,58.7
Colorectal,Women,15-44,Non-standardised,Stage 1,1-year,2013-2017,England,517,99.7,99.1,100.2
Colorectal,Women,45-54,Non-standardised,Stage 1,1-year,2013-2017,England,785,99.6,99.1,100.1
Colorectal,Women,55-64,Non-standardised,Stage 1,1-year,2013-2017,England,"2,035",99.1,98.6,99.6
Colorectal,Women,65-74,Non-standardised,Stage 1,1-year,2013-2017,England,"3,473",98.8,98.3,99.3
Colorectal,Women,75-99,Non-standardised,Stage 1,1-year,2013-2017,England,"4,089",95.9,95.0,96.9
Colorectal,Women,All ages,Non-standardised,Stage 1,1-year,2013-2017,England,"10,899",97.9,97.5,98.3
Colorectal,Women,All ages,Age-standardised,Stage 1,1-year,2013-2017,England,"10,899",98.2,97.9,98.5
Colorectal,Women,15-44,Non-standardised,Stage 2,1-year,2013-2017,England,587,98.5,97.5,99.5
Colorectal,Women,45-54,Non-standardised,Stage 2,1-year,2013-2017,England,"1,099",98.2,97.4,99.0
Colorectal,Women,55-64,Non-standardised,Stage 2,1-year,2013-2017,England,"2,483",97.6,96.9,98.3
Colorectal,Women,65-74,Non-standardised,Stage 2,1-year,2013-2017,England,"4,552",94.9,94.2,95.6
Colorectal,Women,75-99,Non-standardised,Stage 2,1-year,2013-2017,England,"8,493",87.8,87.0,88.7
Colorectal,Women,All ages,Non-standardised,Stage 2,1-year,2013-2017,England,"17,214",92.1,91.6,92.6
Colorectal,Women,All ages,Age-standardised,Stage 2,1-year,2013-2017,England,"17,214",94.0,93.6,94.4
Colorectal,Women,15-44,Non-standardised,Stage 3,1-year,2013-2017,England,859,96.7,95.5,97.9
Colorectal,Women,45-54,Non-standardised,Stage 3,1-year,2013-2017,England,"1,659",95.6,94.6,96.6
Colorectal,Women,55-64,Non-standardised,Stage 3,1-year,2013-2017,England,"3,398",95.5,94.8,96.3
Colorectal,Women,65-74,Non-standardised,Stage 3,1-year,2013-2017,England,"5,098",91.0,90.1,91.8
Colorectal,Women,75-99,Non-standardised,Stage 3,1-year,2013-2017,England,"8,098",75.9,74.8,76.9
Colorectal,Women,All ages,Non-standardised,Stage 3,1-year,2013-2017,England,"19,112",86.0,85.5,86.6
Colorectal,Women,All ages,Age-standardised,Stage 3,1-year,2013-2017,England,"19,112",88.2,87.7,88.6
Colorectal,Women,15-44,Non-standardised,Stage 4,1-year,2013-2017,England,826,61.3,58.0,64.6
Colorectal,Women,45-54,Non-standardised,Stage 4,1-year,2013-2017,England,"1,426",61.2,58.7,63.8
Colorectal,Women,55-64,Non-standardised,Stage 4,1-year,2013-2017,England,"2,764",55.4,53.6,57.3
Colorectal,Women,65-74,Non-standardised,Stage 4,1-year,2013-2017,England,"4,163",44.4,42.9,45.9
Colorectal,Women,75-99,Non-standardised,Stage 4,1-year,2013-2017,England,"7,880",23.5,22.5,24.5
Colorectal,Women,All ages,Non-standardised,Stage 4,1-year,2013-2017,England,"17,059",38.8,38.0,39.5
Colorectal,Women,All ages,Age-standardised,Stage 4,1-year,2013-2017,England,"17,059",41.3,40.5,42.1
Colorectal,Women,15-44,Non-standardised,Unstageable,1-year,2013-2017,England,2,:,:,:
Colorectal,Women,45-54,Non-standardised,Unstageable,1-year,2013-2017,England,14,85.8,68.1,103.4
Colorectal,Women,55-64,Non-standardised,Unstageable,1-year,2013-2017,England,10,100.0,100.0,100.0
Colorectal,Women,65-74,Non-standardised,Unstageable,1-year,2013-2017,England,16,:,:,:
Colorectal,Women,75-99,Non-standardised,Unstageable,1-year,2013-2017,England,34,46.2,28.4,64.1
Colorectal,Women,All ages,Non-standardised,Unstageable,1-year,2013-2017,England,76,63.0,51.7,74.4
Colorectal,Women,All ages,Age-standardised,Unstageable,1-year,2013-2017,England,76,:,:,:
Colorectal,Women,15-44,Non-standardised,Unknown/missing,1-year,2013-2017,England,383,93.2,90.7,95.7
Colorectal,Women,45-54,Non-standardised,Unknown/missing,1-year,2013-2017,England,380,86.1,82.6,89.6
Colorectal,Women,55-64,Non-standardised,Unknown/missing,1-year,2013-2017,England,772,82.5,79.7,85.2
Colorectal,Women,65-74,Non-standardised,Unknown/missing,1-year,2013-2017,England,"1,362",63.7,61.1,66.3
Colorectal,Women,75-99,Non-standardised,Unknown/missing,1-year,2013-2017,England,"6,435",37.0,35.7,38.2
Colorectal,Women,All ages,Non-standardised,Unknown/missing,1-year,2013-2017,England,"9,332",48.9,47.8,50.0
Colorectal,Women,All ages,Age-standardised,Unknown/missing,1-year,2013-2017,England,"9,332",61.5,60.4,62.6
Colorectal,Women,15-44,Non-standardised,All stages combined,1-year,2013-2017,England,"3,174",87.9,86.7,89.0
Colorectal,Women,45-54,Non-standardised,All stages combined,1-year,2013-2017,England,"5,363",86.9,86.0,87.8
Colorectal,Women,55-64,Non-standardised,All stages combined,1-year,2013-2017,England,"11,462",86.1,85.4,86.7
Colorectal,Women,65-74,Non-standardised,All stages combined,1-year,2013-2017,England,"18,664",81.0,80.4,81.6
Colorectal,Women,75-99,Non-standardised,All stages combined,1-year,2013-2017,England,"35,029",62.2,61.6,62.7
Colorectal,Women,All ages,Non-standardised,All stages combined,1-year,2013-2017,England,"73,692",73.5,73.2,73.9
Colorectal,Women,All ages,Age-standardised,All stages combined,1-year,2013-2017,England,"73,692",77.1,76.8,77.5
Colorectal,Women,15-54,Non-standardised,Stage 1,5-years,2013-2017,England,"1,302",97.8,96.6,99.0
Colorectal,Women,55-64,Non-standardised,Stage 1,5-years,2013-2017,England,"2,035",95.8,94.1,97.5
Colorectal,Women,65-74,Non-standardised,Stage 1,5-years,2013-2017,England,"3,473",96.8,95.2,98.4
Colorectal,Women,75-99,Non-standardised,Stage 1,5-years,2013-2017,England,"4,089",84.8,81.3,88.3
Colorectal,Women,All ages,Non-standardised,Stage 1,5-years,2013-2017,England,"10,899",92.2,90.7,93.7
Colorectal,Women,All ages,Age-standardised,Stage 1,5-years,2013-2017,England,"10,899",93.1,91.8,94.4
Colorectal,Women,15-44,Non-standardised,Stage 2,5-years,2013-2017,England,587,91.5,88.2,94.7
Colorectal,Women,45-54,Non-standardised,Stage 2,5-years,2013-2017,England,"1,099",88.9,86.1,91.7
Colorectal,Women,55-64,Non-standardised,Stage 2,5-years,2013-2017,England,"2,483",90.2,88.4,91.9
Colorectal,Women,65-74,Non-standardised,Stage 2,5-years,2013-2017,England,"4,552",85.7,84.0,87.4
Colorectal,Women,75-99,Non-standardised,Stage 2,5-years,2013-2017,England,"8,493",77.2,74.8,79.5
Colorectal,Women,All ages,Non-standardised,Stage 2,5-years,2013-2017,England,"17,214",82.5,81.2,83.8
Colorectal,Women,All ages,Age-standardised,Stage 2,5-years,2013-2017,England,"17,214",84.9,83.8,85.9
Colorectal,Women,15-44,Non-standardised,Stage 3,5-years,2013-2017,England,859,78.9,75.2,82.6
Colorectal,Women,45-54,Non-standardised,Stage 3,5-years,2013-2017,England,"1,659",77.4,74.7,80.1
Colorectal,Women,55-64,Non-standardised,Stage 3,5-years,2013-2017,England,"3,398",77.1,75.1,79.1
Colorectal,Women,65-74,Non-standardised,Stage 3,5-years,2013-2017,England,"5,098",69.7,67.7,71.6
Colorectal,Women,75-99,Non-standardised,Stage 3,5-years,2013-2017,England,"8,098",49.4,47.3,51.5
Colorectal,Women,All ages,Non-standardised,Stage 3,5-years,2013-2017,England,"19,112",63.5,62.3,64.6
Colorectal,Women,All ages,Age-standardised,Stage 3,5-years,2013-2017,England,"19,112",65.9,64.8,67.1
Colorectal,Women,15-44,Non-standardised,Stage 4,5-years,2013-2017,England,826,17.3,13.8,20.8
Colorectal,Women,45-54,Non-standardised,Stage 4,5-years,2013-2017,England,"1,426",16.6,13.9,19.3
Colorectal,Women,55-64,Non-standardised,Stage 4,5-years,2013-2017,England,"2,764",14.9,13.1,16.7
Colorectal,Women,65-74,Non-standardised,Stage 4,5-years,2013-2017,England,"4,163",11.8,10.4,13.1
Colorectal,Women,75-99,Non-standardised,Stage 4,5-years,2013-2017,England,"7,880",4.9,4.1,5.7
Colorectal,Women,All ages,Non-standardised,Stage 4,5-years,2013-2017,England,"17,059",9.8,9.1,10.4
Colorectal,Women,All ages,Age-standardised,Stage 4,5-years,2013-2017,England,"17,059",10.3,9.6,11.0
Colorectal,Women,15-44,Non-standardised,Unstageable,5-years,2013-2017,England,2,:,:,:
Colorectal,Women,45-54,Non-standardised,Unstageable,5-years,2013-2017,England,14,:,:,:
Colorectal,Women,55-64,Non-standardised,Unstageable,5-years,2013-2017,England,10,:,:,:
Colorectal,Women,65-74,Non-standardised,Unstageable,5-years,2013-2017,England,16,:,:,:
Colorectal,Women,75-99,Non-standardised,Unstageable,5-years,2013-2017,England,34,:,:,:
Colorectal,Women,All ages,Non-standardised,Unstageable,5-years,2013-2017,England,76,:,:,:
Colorectal,Women,All ages,Age-standardised,Unstageable,5-years,2013-2017,England,76,:,:,:
Colorectal,Women,15-44,Non-standardised,Unknown/missing,5-years,2013-2017,England,383,86.2,82.1,90.3
Colorectal,Women,45-54,Non-standardised,Unknown/missing,5-years,2013-2017,England,380,71.6,66.4,76.9
Colorectal,Women,55-64,Non-standardised,Unknown/missing,5-years,2013-2017,England,772,65.3,61.3,69.2
Colorectal,Women,65-74,Non-standardised,Unknown/missing,5-years,2013-2017,England,"1,362",48.1,45.0,51.3
Colorectal,Women,75-99,Non-standardised,Unknown/missing,5-years,2013-2017,England,"6,435",16.0,14.5,17.4
Colorectal,Women,All ages,Non-standardised,Unknown/missing,5-years,2013-2017,England,"9,332",29.9,28.7,31.2
Colorectal,Women,All ages,Age-standardised,Unknown/missing,5-years,2013-2017,England,"9,332",40.9,39.5,42.5
Colorectal,Women,15-44,Non-standardised,All stages combined,5-years,2013-2017,England,"3,174",69.8,67.8,71.8
Colorectal,Women,45-54,Non-standardised,All stages combined,5-years,2013-2017,England,"5,363",66.3,64.8,67.9
Colorectal,Women,55-64,Non-standardised,All stages combined,5-years,2013-2017,England,"11,462",67.2,66.0,68.3
Colorectal,Women,65-74,Non-standardised,All stages combined,5-years,2013-2017,England,"18,664",64.1,63.2,65.1
Colorectal,Women,75-99,Non-standardised,All stages combined,5-years,2013-2017,England,"35,029",43.9,42.9,44.9
Colorectal,Women,All ages,Non-standardised,All stages combined,5-years,2013-2017,England,"73,692",55.4,54.8,55.9
Colorectal,Women,All ages,Age-standardised,All stages combined,5-years,2013-2017,England,"73,692",58.6,58.1,59.2
Colorectal,Persons,15-44,Non-standardised,Stage 1,1-year,2013-2017,England,951,99.5,99.1,100.0
Colorectal,Persons,45-54,Non-standardised,Stage 1,1-year,2013-2017,England,"1,561",99.3,98.9,99.8
Colorectal,Persons,55-64,Non-standardised,Stage 1,1-year,2013-2017,England,"5,185",99.2,98.9,99.5
Colorectal,Persons,65-74,Non-standardised,Stage 1,1-year,2013-2017,England,"9,073",98.2,97.8,98.6
Colorectal,Persons,75-99,Non-standardised,Stage 1,1-year,2013-2017,England,"9,218",95.2,94.6,95.9
Colorectal,Persons,All ages,Non-standardised,Stage 1,1-year,2013-2017,England,"25,988",97.5,97.2,97.8
Colorectal,Persons,All ages,Age-standardised,Stage 1,1-year,2013-2017,England,"25,988",97.8,97.5,98.0
Colorectal,Persons,15-44,Non-standardised,Stage 2,1-year,2013-2017,England,"1,182",98.3,97.5,99.1
Colorectal,Persons,45-54,Non-standardised,Stage 2,1-year,2013-2017,England,"2,314",98.5,97.9,99.0
Colorectal,Persons,55-64,Non-standardised,Stage 2,1-year,2013-2017,England,"6,056",97.3,96.8,97.8
Colorectal,Persons,65-74,Non-standardised,Stage 2,1-year,2013-2017,England,"11,236",95.0,94.6,95.5
Colorectal,Persons,75-99,Non-standardised,Stage 2,1-year,2013-2017,England,"17,733",88.2,87.6,88.8
Colorectal,Persons,All ages,Non-standardised,Stage 2,1-year,2013-2017,England,"38,521",92.5,92.2,92.9
Colorectal,Persons,All ages,Age-standardised,Stage 2,1-year,2013-2017,England,"38,521",94.1,93.9,94.4
Colorectal,Persons,15-44,Non-standardised,Stage 3,1-year,2013-2017,England,"1,772",95.5,94.5,96.4
Colorectal,Persons,45-54,Non-standardised,Stage 3,1-year,2013-2017,England,"3,719",95.0,94.3,95.7
Colorectal,Persons,55-64,Non-standardised,Stage 3,1-year,2013-2017,England,"8,685",94.9,94.4,95.4
Colorectal,Persons,65-74,Non-standardised,Stage 3,1-year,2013-2017,England,"13,054",91.7,91.2,92.2
Colorectal,Persons,75-99,Non-standardised,Stage 3,1-year,2013-2017,England,"16,868",79.2,78.5,79.9
Colorectal,Persons,All ages,Non-standardised,Stage 3,1-year,2013-2017,England,"44,098",88.0,87.6,88.3
Colorectal,Persons,All ages,Age-standardised,Stage 3,1-year,2013-2017,England,"44,098",89.2,88.9,89.5
Colorectal,Persons,15-44,Non-standardised,Stage 4,1-year,2013-2017,England,"1,575",60.5,58.1,63.0
Colorectal,Persons,45-54,Non-standardised,Stage 4,1-year,2013-2017,England,"3,244",60.5,58.8,62.2
Colorectal,Persons,55-64,Non-standardised,Stage 4,1-year,2013-2017,England,"6,743",56.1,54.9,57.3
Colorectal,Persons,65-74,Non-standardised,Stage 4,1-year,2013-2017,England,"10,559",46.6,45.6,47.6
Colorectal,Persons,75-99,Non-standardised,Stage 4,1-year,2013-2017,England,"16,576",27.5,26.8,28.2
Colorectal,Persons,All ages,Non-standardised,Stage 4,1-year,2013-2017,England,"38,697",41.8,41.3,42.3
Colorectal,Persons,All ages,Age-standardised,Stage 4,1-year,2013-2017,England,"38,697",43.9,43.4,44.4
Colorectal,Persons,15-54,Non-standardised,Unstageable,1-year,2013-2017,England,24,82.9,67.9,98.0
Colorectal,Persons,55-64,Non-standardised,Unstageable,1-year,2013-2017,England,24,79.3,63.4,95.2
Colorectal,Persons,65-74,Non-standardised,Unstageable,1-year,2013-2017,England,38,50.9,35.1,66.7
Colorectal,Persons,75-99,Non-standardised,Unstageable,1-year,2013-2017,England,63,40.1,27.2,53.1
Colorectal,Persons,All ages,Non-standardised,Unstageable,1-year,2013-2017,England,149,56.0,47.6,64.3
Colorectal,Persons,All ages,Age-standardised,Unstageable,1-year,2013-2017,England,149,57.7,50.1,66.5
Colorectal,Persons,15-44,Non-standardised,Unknown/missing,1-year,2013-2017,England,770,93.1,91.3,94.9
Colorectal,Persons,45-54,Non-standardised,Unknown/missing,1-year,2013-2017,England,816,85.4,83.0,87.9
Colorectal,Persons,55-64,Non-standardised,Unknown/missing,1-year,2013-2017,England,"1,889",80.7,78.9,82.5
Colorectal,Persons,65-74,Non-standardised,Unknown/missing,1-year,2013-2017,England,"3,355",64.6,62.9,66.2
Colorectal,Persons,75-99,Non-standardised,Unknown/missing,1-year,2013-2017,England,"11,730",40.2,39.2,41.2
Colorectal,Persons,All ages,Non-standardised,Unknown/missing,1-year,2013-2017,England,"18,560",52.9,52.1,53.6
Colorectal,Persons,All ages,Age-standardised,Unknown/missing,1-year,2013-2017,England,"18,560",62.9,62.1,63.6
Colorectal,Persons,15-44,Non-standardised,All stages combined,1-year,2013-2017,England,"6,257",87.5,86.7,88.3
Colorectal,Persons,45-54,Non-standardised,All stages combined,1-year,2013-2017,England,"11,671",86.0,85.4,86.6
Colorectal,Persons,55-64,Non-standardised,All stages combined,1-year,2013-2017,England,"28,582",86.1,85.7,86.5
Colorectal,Persons,65-74,Non-standardised,All stages combined,1-year,2013-2017,England,"47,315",81.7,81.4,82.1
Colorectal,Persons,75-99,Non-standardised,All stages combined,1-year,2013-2017,England,"72,188",65.2,64.8,65.6
Colorectal,Persons,All ages,Non-standardised,All stages combined,1-year,2013-2017,England,"166,013",75.8,75.6,76.0
Colorectal,Persons,All ages,Age-standardised,All stages combined,1-year,2013-2017,England,"166,013",78.3,78.1,78.5
Colorectal,Persons,15-44,Non-standardised,Stage 1,5-years,2013-2017,England,951,98.4,97.2,99.6
Colorectal,Persons,45-54,Non-standardised,Stage 1,5-years,2013-2017,England,"1,561",96.5,95.1,97.9
Colorectal,Persons,55-64,Non-standardised,Stage 1,5-years,2013-2017,England,"5,185",95.6,94.5,96.7
Colorectal,Persons,65-74,Non-standardised,Stage 1,5-years,2013-2017,England,"9,073",95.2,94.0,96.3
Colorectal,Persons,75-99,Non-standardised,Stage 1,5-years,2013-2017,England,"9,218",82.4,79.9,84.8
Colorectal,Persons,All ages,Non-standardised,Stage 1,5-years,2013-2017,England,"25,988",90.9,89.9,91.9
Colorectal,Persons,All ages,Age-standardised,Stage 1,5-years,2013-2017,England,"25,988",91.7,90.8,92.6
Colorectal,Persons,15-44,Non-standardised,Stage 2,5-years,2013-2017,England,"1,182",88.7,86.1,91.3
Colorectal,Persons,45-54,Non-standardised,Stage 2,5-years,2013-2017,England,"2,314",88.8,86.9,90.7
Colorectal,Persons,55-64,Non-standardised,Stage 2,5-years,2013-2017,England,"6,056",89.0,87.7,90.2
Colorectal,Persons,65-74,Non-standardised,Stage 2,5-years,2013-2017,England,"11,236",85.4,84.2,86.5
Colorectal,Persons,75-99,Non-standardised,Stage 2,5-years,2013-2017,England,"17,733",76.5,74.8,78.2
Colorectal,Persons,All ages,Non-standardised,Stage 2,5-years,2013-2017,England,"38,521",82.2,81.3,83.0
Colorectal,Persons,All ages,Age-standardised,Stage 2,5-years,2013-2017,England,"38,521",84.1,83.4,84.8
Colorectal,Persons,15-44,Non-standardised,Stage 3,5-years,2013-2017,England,"1,772",74.2,71.3,77.0
Colorectal,Persons,45-54,Non-standardised,Stage 3,5-years,2013-2017,England,"3,719",75.0,73.1,77.0
Colorectal,Persons,55-64,Non-standardised,Stage 3,5-years,2013-2017,England,"8,685",74.7,73.3,76.0
Colorectal,Persons,65-74,Non-standardised,Stage 3,5-years,2013-2017,England,"13,054",68.9,67.6,70.2
Colorectal,Persons,75-99,Non-standardised,Stage 3,5-years,2013-2017,England,"16,868",50.0,48.4,51.5
Colorectal,Persons,All ages,Non-standardised,Stage 3,5-years,2013-2017,England,"44,098",63.5,62.7,64.3
Colorectal,Persons,All ages,Age-standardised,Stage 3,5-years,2013-2017,England,"44,098",64.9,64.2,65.7
Colorectal,Persons,15-44,Non-standardised,Stage 4,5-years,2013-2017,England,"1,575",18.0,15.4,20.6
Colorectal,Persons,45-54,Non-standardised,Stage 4,5-years,2013-2017,England,"3,244",15.7,14.0,17.5
Colorectal,Persons,55-64,Non-standardised,Stage 4,5-years,2013-2017,England,"6,743",14.4,13.2,15.6
Colorectal,Persons,65-74,Non-standardised,Stage 4,5-years,2013-2017,England,"10,559",12.4,11.5,13.3
Colorectal,Persons,75-99,Non-standardised,Stage 4,5-years,2013-2017,England,"16,576",4.8,4.3,5.4
Colorectal,Persons,All ages,Non-standardised,Stage 4,5-years,2013-2017,England,"38,697",10.0,9.6,10.5
Colorectal,Persons,All ages,Age-standardised,Stage 4,5-years,2013-2017,England,"38,697",10.3,9.8,10.8
Colorectal,Persons,15-44,Non-standardised,Unstageable,5-years,2013-2017,England,7,:,:,:
Colorectal,Persons,45-54,Non-standardised,Unstageable,5-years,2013-2017,England,17,:,:,:
Colorectal,Persons,55-64,Non-standardised,Unstageable,5-years,2013-2017,England,24,:,:,:
Colorectal,Persons,65-74,Non-standardised,Unstageable,5-years,2013-2017,England,38,:,:,:
Colorectal,Persons,75-99,Non-standardised,Unstageable,5-years,2013-2017,England,63,:,:,:
Colorectal,Persons,All ages,Non-standardised,Unstageable,5-years,2013-2017,England,149,34.8,25.2,44.3
Colorectal,Persons,All ages,Age-standardised,Unstageable,5-years,2013-2017,England,149,:,:,:
Colorectal,Persons,15-44,Non-standardised,Unknown/missing,5-years,2013-2017,England,770,83.7,80.6,86.8
Colorectal,Persons,45-54,Non-standardised,Unknown/missing,5-years,2013-2017,England,816,70.2,66.6,73.8
Colorectal,Persons,55-64,Non-standardised,Unknown/missing,5-years,2013-2017,England,"1,889",63.1,60.5,65.7
Colorectal,Persons,65-74,Non-standardised,Unknown/missing,5-years,2013-2017,England,"3,355",48.0,45.9,50.0
Colorectal,Persons,75-99,Non-standardised,Unknown/missing,5-years,2013-2017,England,"11,730",17.6,16.4,18.7
Colorectal,Persons,All ages,Non-standardised,Unknown/missing,5-years,2013-2017,England,"18,560",32.9,31.9,33.8
Colorectal,Persons,All ages,Age-standardised,Unknown/missing,5-years,2013-2017,England,"18,560",41.6,40.5,42.6
Colorectal,Persons,15-44,Non-standardised,All stages combined,5-years,2013-2017,England,"6,257",68.1,66.7,69.6
Colorectal,Persons,45-54,Non-standardised,All stages combined,5-years,2013-2017,England,"11,671",64.0,62.9,65.1
Colorectal,Persons,55-64,Non-standardised,All stages combined,5-years,2013-2017,England,"28,582",66.3,65.5,67.0
Colorectal,Persons,65-74,Non-standardised,All stages combined,5-years,2013-2017,England,"47,315",63.7,63.0,64.3
Colorectal,Persons,75-99,Non-standardised,All stages combined,5-years,2013-2017,England,"72,188",44.9,44.2,45.6
Colorectal,Persons,All ages,Non-standardised,All stages combined,5-years,2013-2017,England,"166,013",56.1,55.7,56.5
Colorectal,Persons,All ages,Age-standardised,All stages combined,5-years,2013-2017,England,"166,013",58.4,58.0,58.8
Hodgkin Lymphoma,Men,15-44,Non-standardised,Stage 1,1-year,2013-2017,England,290,99.7,99.0,100.3
Hodgkin Lymphoma,Men,45-54,Non-standardised,Stage 1,1-year,2013-2017,England,112,97.5,94.5,100.5
Hodgkin Lymphoma,Men,55-64,Non-standardised,Stage 1,1-year,2013-2017,England,87,97.2,93.3,101.0
Hodgkin Lymphoma,Men,65-74,Non-standardised,Stage 1,1-year,2013-2017,England,93,93.9,88.4,99.3
Hodgkin Lymphoma,Men,75-99,Non-standardised,Stage 1,1-year,2013-2017,England,60,73.3,60.8,85.8
Hodgkin Lymphoma,Men,All ages,Non-standardised,Stage 1,1-year,2013-2017,England,642,95.7,93.9,97.4
Hodgkin Lymphoma,Men,All ages,Age-standardised,Stage 1,1-year,2013-2017,England,642,95.6,93.8,97.5
Hodgkin Lymphoma,Men,15-44,Non-standardised,Stage 2,1-year,2013-2017,England,827,99.6,99.1,100.1
Hodgkin Lymphoma,Men,45-54,Non-standardised,Stage 2,1-year,2013-2017,England,172,97.3,94.8,99.8
Hodgkin Lymphoma,Men,55-64,Non-standardised,Stage 2,1-year,2013-2017,England,153,97.3,94.5,100.2
Hodgkin Lymphoma,Men,65-74,Non-standardised,Stage 2,1-year,2013-2017,England,106,89.9,83.8,96.0
Hodgkin Lymphoma,Men,75-99,Non-standardised,Stage 2,1-year,2013-2017,England,109,71.2,61.9,80.6
Hodgkin Lymphoma,Men,All ages,Non-standardised,Stage 2,1-year,2013-2017,England,"1,367",96.1,95.0,97.2
Hodgkin Lymphoma,Men,All ages,Age-standardised,Stage 2,1-year,2013-2017,England,"1,367",94.9,93.4,96.4
Hodgkin Lymphoma,Men,15-44,Non-standardised,Stage 3,1-year,2013-2017,England,379,99.2,98.3,100.1
Hodgkin Lymphoma,Men,45-54,Non-standardised,Stage 3,1-year,2013-2017,England,139,96.0,92.6,99.4
Hodgkin Lymphoma,Men,55-64,Non-standardised,Stage 3,1-year,2013-2017,England,150,88.0,82.7,93.4
Hodgkin Lymphoma,Men,65-74,Non-standardised,Stage 3,1-year,2013-2017,England,143,77.3,70.3,84.4
Hodgkin Lymphoma,Men,75-99,Non-standardised,Stage 3,1-year,2013-2017,England,136,51.1,42.1,60.0
Hodgkin Lymphoma,Men,All ages,Non-standardised,Stage 3,1-year,2013-2017,England,947,86.8,84.5,89.1
Hodgkin Lymphoma,Men,All ages,Age-standardised,Stage 3,1-year,2013-2017,England,947,89.2,87.3,91.1
Hodgkin Lymphoma,Men,15-44,Non-standardised,Stage 4,1-year,2013-2017,England,590,97.9,96.7,99.1
Hodgkin Lymphoma,Men,45-54,Non-standardised,Stage 4,1-year,2013-2017,England,194,91.4,87.4,95.4
Hodgkin Lymphoma,Men,55-64,Non-standardised,Stage 4,1-year,2013-2017,England,176,77.8,71.6,84.1
Hodgkin Lymphoma,Men,65-74,Non-standardised,Stage 4,1-year,2013-2017,England,216,72.6,66.5,78.7
Hodgkin Lymphoma,Men,75-99,Non-standardised,Stage 4,1-year,2013-2017,England,184,54.2,46.7,61.8
Hodgkin Lymphoma,Men,All ages,Non-standardised,Stage 4,1-year,2013-2017,England,"1,360",84.4,82.4,86.4
Hodgkin Lymphoma,Men,All ages,Age-standardised,Stage 4,1-year,2013-2017,England,"1,360",86.9,85.2,88.7
Hodgkin Lymphoma,Men,15-44,Non-standardised,Unknown/missing,1-year,2013-2017,England,179,96.7,94.0,99.3
Hodgkin Lymphoma,Men,45-54,Non-standardised,Unknown/missing,1-year,2013-2017,England,48,94.0,87.2,100.8
Hodgkin Lymphoma,Men,55-64,Non-standardised,Unknown/missing,1-year,2013-2017,England,70,84.5,75.9,93.0
Hodgkin Lymphoma,Men,65-74,Non-standardised,Unknown/missing,1-year,2013-2017,England,80,59.9,49.0,70.7
Hodgkin Lymphoma,Men,75-99,Non-standardised,Unknown/missing,1-year,2013-2017,England,95,41.5,31.2,51.9
Hodgkin Lymphoma,Men,All ages,Non-standardised,Unknown/missing,1-year,2013-2017,England,472,77.2,73.2,81.1
Hodgkin Lymphoma,Men,All ages,Age-standardised,Unknown/missing,1-year,2013-2017,England,472,83.3,80.3,86.5
Hodgkin Lymphoma,Men,15-44,Non-standardised,All stages combined,1-year,2013-2017,England,"2,265",98.9,98.4,99.3
Hodgkin Lymphoma,Men,45-54,Non-standardised,All stages combined,1-year,2013-2017,England,665,95.2,93.5,96.8
Hodgkin Lymphoma,Men,55-64,Non-standardised,All stages combined,1-year,2013-2017,England,636,88.4,85.8,91.0
Hodgkin Lymphoma,Men,65-74,Non-standardised,All stages combined,1-year,2013-2017,England,638,78.1,74.8,81.4
Hodgkin Lymphoma,Men,75-99,Non-standardised,All stages combined,1-year,2013-2017,England,584,56.7,52.4,61.0
Hodgkin Lymphoma,Men,All ages,Non-standardised,All stages combined,1-year,2013-2017,England,"4,788",89.1,88.1,90.0
Hodgkin Lymphoma,Men,All ages,Age-standardised,All stages combined,1-year,2013-2017,England,"4,788",90.0,89.1,90.9
Hodgkin Lymphoma,Men,15-44,Non-standardised,Stage 1,5-years,2013-2017,England,290,:,:,:
Hodgkin Lymphoma,Men,45-54,Non-standardised,Stage 1,5-years,2013-2017,England,112,:,:,:
Hodgkin Lymphoma,Men,55-64,Non-standardised,Stage 1,5-years,2013-2017,England,87,:,:,:
Hodgkin Lymphoma,Men,65-74,Non-standardised,Stage 1,5-years,2013-2017,England,93,:,:,:
Hodgkin Lymphoma,Men,75-99,Non-standardised,Stage 1,5-years,2013-2017,England,60,:,:,:
Hodgkin Lymphoma,Men,All ages,Non-standardised,Stage 1,5-years,2013-2017,England,642,91.4,87.6,95.2
Hodgkin Lymphoma,Men,All ages,Age-standardised,Stage 1,5-years,2013-2017,England,642,:,:,:
Hodgkin Lymphoma,Men,15-44,Non-standardised,Stage 2,5-years,2013-2017,England,827,:,:,:
Hodgkin Lymphoma,Men,45-54,Non-standardised,Stage 2,5-years,2013-2017,England,172,:,:,:
Hodgkin Lymphoma,Men,55-64,Non-standardised,Stage 2,5-years,2013-2017,England,153,88.4,79.8,96.9
Hodgkin Lymphoma,Men,65-74,Non-standardised,Stage 2,5-years,2013-2017,England,106,:,:,:
Hodgkin Lymphoma,Men,75-99,Non-standardised,Stage 2,5-years,2013-2017,England,109,:,:,:
Hodgkin Lymphoma,Men,All ages,Non-standardised,Stage 2,5-years,2013-2017,England,"1,367",90.1,87.2,93.0
Hodgkin Lymphoma,Men,All ages,Age-standardised,Stage 2,5-years,2013-2017,England,"1,367",:,:,:
Hodgkin Lymphoma,Men,15-44,Non-standardised,Stage 3,5-years,2013-2017,England,379,95.4,92.1,98.6
Hodgkin Lymphoma,Men,45-54,Non-standardised,Stage 3,5-years,2013-2017,England,139,:,:,:
Hodgkin Lymphoma,Men,55-64,Non-standardised,Stage 3,5-years,2013-2017,England,150,67.0,51.5,82.6
Hodgkin Lymphoma,Men,65-74,Non-standardised,Stage 3,5-years,2013-2017,England,143,:,:,:
Hodgkin Lymphoma,Men,75-99,Non-standardised,Stage 3,5-years,2013-2017,England,136,:,:,:
Hodgkin Lymphoma,Men,All ages,Non-standardised,Stage 3,5-years,2013-2017,England,947,77.6,73.5,81.6
Hodgkin Lymphoma,Men,All ages,Age-standardised,Stage 3,5-years,2013-2017,England,947,:,:,:
Hodgkin Lymphoma,Men,15-44,Non-standardised,Stage 4,5-years,2013-2017,England,590,:,:,:
Hodgkin Lymphoma,Men,45-54,Non-standardised,Stage 4,5-years,2013-2017,England,194,78.9,71.1,86.7
Hodgkin Lymphoma,Men,55-64,Non-standardised,Stage 4,5-years,2013-2017,England,176,:,:,:
Hodgkin Lymphoma,Men,65-74,Non-standardised,Stage 4,5-years,2013-2017,England,216,:,:,:
Hodgkin Lymphoma,Men,75-99,Non-standardised,Stage 4,5-years,2013-2017,England,184,33.7,23.3,44.1
Hodgkin Lymphoma,Men,All ages,Non-standardised,Stage 4,5-years,2013-2017,England,"1,360",74.1,71.2,77.1
Hodgkin Lymphoma,Men,All ages,Age-standardised,Stage 4,5-years,2013-2017,England,"1,360",:,:,:
Hodgkin Lymphoma,Men,15-44,Non-standardised,Unknown/missing,5-years,2013-2017,England,179,:,:,:
Hodgkin Lymphoma,Men,45-54,Non-standardised,Unknown/missing,5-years,2013-2017,England,48,:,:,:
Hodgkin Lymphoma,Men,55-64,Non-standardised,Unknown/missing,5-years,2013-2017,England,70,68.4,56.1,80.7
Hodgkin Lymphoma,Men,65-74,Non-standardised,Unknown/missing,5-years,2013-2017,England,80,39.9,27.6,52.1
Hodgkin Lymphoma,Men,75-99,Non-standardised,Unknown/missing,5-years,2013-2017,England,95,:,:,:
Hodgkin Lymphoma,Men,All ages,Non-standardised,Unknown/missing,5-years,2013-2017,England,472,67.2,62.2,72.3
Hodgkin Lymphoma,Men,All ages,Age-standardised,Unknown/missing,5-years,2013-2017,England,472,:,:,:
Hodgkin Lymphoma,Men,15-44,Non-standardised,All stages combined,5-years,2013-2017,England,"2,265",96.0,95.0,97.1
Hodgkin Lymphoma,Men,45-54,Non-standardised,All stages combined,5-years,2013-2017,England,665,89.7,86.7,92.7
Hodgkin Lymphoma,Men,55-64,Non-standardised,All stages combined,5-years,2013-2017,England,636,78.7,74.1,83.2
Hodgkin Lymphoma,Men,65-74,Non-standardised,All stages combined,5-years,2013-2017,England,638,61.7,56.4,67.1
Hodgkin Lymphoma,Men,75-99,Non-standardised,All stages combined,5-years,2013-2017,England,584,37.1,29.9,44.3
Hodgkin Lymphoma,Men,All ages,Non-standardised,All stages combined,5-years,2013-2017,England,"4,788",81.1,79.5,82.7
Hodgkin Lymphoma,Men,All ages,Age-standardised,All stages combined,5-years,2013-2017,England,"4,788",81.4,79.5,83.3
Hodgkin Lymphoma,Women,15-44,Non-standardised,Stage 1,1-year,2013-2017,England,125,:,:,:
Hodgkin Lymphoma,Women,45-54,Non-standardised,Stage 1,1-year,2013-2017,England,39,:,:,:
Hodgkin Lymphoma,Women,55-64,Non-standardised,Stage 1,1-year,2013-2017,England,45,:,:,:
Hodgkin Lymphoma,Women,65-74,Non-standardised,Stage 1,1-year,2013-2017,England,72,92.6,86.2,99.0
Hodgkin Lymphoma,Women,75-99,Non-standardised,Stage 1,1-year,2013-2017,England,64,90.5,81.6,99.5
Hodgkin Lymphoma,Women,All ages,Non-standardised,Stage 1,1-year,2013-2017,England,345,96.8,94.6,99.0
Hodgkin Lymphoma,Women,All ages,Age-standardised,Stage 1,1-year,2013-2017,England,345,:,:,:
Hodgkin Lymphoma,Women,15-44,Non-standardised,Stage 2,1-year,2013-2017,England,882,99.8,99.5,100.1
Hodgkin Lymphoma,Women,45-54,Non-standardised,Stage 2,1-year,2013-2017,England,131,98.6,96.5,100.7
Hodgkin Lymphoma,Women,55-64,Non-standardised,Stage 2,1-year,2013-2017,England,97,94.2,89.4,99.0
Hodgkin Lymphoma,Women,65-74,Non-standardised,Stage 2,1-year,2013-2017,England,101,87.9,81.4,94.5
Hodgkin Lymphoma,Women,75-99,Non-standardised,Stage 2,1-year,2013-2017,England,111,67.8,58.5,77.2
Hodgkin Lymphoma,Women,All ages,Non-standardised,Stage 2,1-year,2013-2017,England,"1,322",95.7,94.5,96.9
Hodgkin Lymphoma,Women,All ages,Age-standardised,Stage 2,1-year,2013-2017,England,"1,322",94.1,92.6,95.7
Hodgkin Lymphoma,Women,15-54,Non-standardised,Stage 3,1-year,2013-2017,England,302,98.7,97.4,100.0
Hodgkin Lymphoma,Women,55-64,Non-standardised,Stage 3,1-year,2013-2017,England,69,91.6,85.0,98.3
Hodgkin Lymphoma,Women,65-74,Non-standardised,Stage 3,1-year,2013-2017,England,115,81.9,74.6,89.1
Hodgkin Lymphoma,Women,75-99,Non-standardised,Stage 3,1-year,2013-2017,England,123,62.8,53.8,71.8
Hodgkin Lymphoma,Women,All ages,Non-standardised,Stage 3,1-year,2013-2017,England,609,87.5,84.8,90.3
Hodgkin Lymphoma,Women,All ages,Age-standardised,Stage 3,1-year,2013-2017,England,609,91.9,90.1,93.8
Hodgkin Lymphoma,Women,15-44,Non-standardised,Stage 4,1-year,2013-2017,England,437,98.4,97.3,99.6
Hodgkin Lymphoma,Women,45-54,Non-standardised,Stage 4,1-year,2013-2017,England,95,93.8,88.9,98.7
Hodgkin Lymphoma,Women,55-64,Non-standardised,Stage 4,1-year,2013-2017,England,124,85.8,79.6,92.0
Hodgkin Lymphoma,Women,65-74,Non-standardised,Stage 4,1-year,2013-2017,England,142,68.4,60.6,76.1
Hodgkin Lymphoma,Women,75-99,Non-standardised,Stage 4,1-year,2013-2017,England,139,52.5,43.9,61.1
Hodgkin Lymphoma,Women,All ages,Non-standardised,Stage 4,1-year,2013-2017,England,937,85.0,82.6,87.3
Hodgkin Lymphoma,Women,All ages,Age-standardised,Stage 4,1-year,2013-2017,England,937,87.5,85.5,89.5
Hodgkin Lymphoma,Women,15-54,Non-standardised,Unknown/missing,1-year,2013-2017,England,201,97.5,95.3,99.7
Hodgkin Lymphoma,Women,55-64,Non-standardised,Unknown/missing,1-year,2013-2017,England,41,85.8,75.0,96.5
Hodgkin Lymphoma,Women,65-74,Non-standardised,Unknown/missing,1-year,2013-2017,England,59,68.4,56.6,80.3
Hodgkin Lymphoma,Women,75-99,Non-standardised,Unknown/missing,1-year,2013-2017,England,88,41.5,30.9,52.1
Hodgkin Lymphoma,Women,All ages,Non-standardised,Unknown/missing,1-year,2013-2017,England,389,79.1,74.9,83.3
Hodgkin Lymphoma,Women,All ages,Age-standardised,Unknown/missing,1-year,2013-2017,England,389,85.3,82.2,88.5
Hodgkin Lymphoma,Women,15-44,Non-standardised,All stages combined,1-year,2013-2017,England,"1,870",99.1,98.7,99.6
Hodgkin Lymphoma,Women,45-54,Non-standardised,All stages combined,1-year,2013-2017,England,342,97.5,95.8,99.2
Hodgkin Lymphoma,Women,55-64,Non-standardised,All stages combined,1-year,2013-2017,England,376,90.9,87.9,93.9
Hodgkin Lymphoma,Women,65-74,Non-standardised,All stages combined,1-year,2013-2017,England,489,79.2,75.5,82.9
Hodgkin Lymphoma,Women,75-99,Non-standardised,All stages combined,1-year,2013-2017,England,525,61.1,56.7,65.6
Hodgkin Lymphoma,Women,All ages,Non-standardised,All stages combined,1-year,2013-2017,England,"3,602",89.9,88.8,90.9
Hodgkin Lymphoma,Women,All ages,Age-standardised,All stages combined,1-year,2013-2017,England,"3,602",91.4,90.5,92.3
Hodgkin Lymphoma,Women,15-44,Non-standardised,Stage 1,5-years,2013-2017,England,125,:,:,:
Hodgkin Lymphoma,Women,45-54,Non-standardised,Stage 1,5-years,2013-2017,England,39,:,:,:
Hodgkin Lymphoma,Women,55-64,Non-standardised,Stage 1,5-years,2013-2017,England,45,91.1,73.7,108.6
Hodgkin Lymphoma,Women,65-74,Non-standardised,Stage 1,5-years,2013-2017,England,72,:,:,:
Hodgkin Lymphoma,Women,75-99,Non-standardised,Stage 1,5-years,2013-2017,England,64,:,:,:
Hodgkin Lymphoma,Women,All ages,Non-standardised,Stage 1,5-years,2013-2017,England,345,88.4,82.3,94.5
Hodgkin Lymphoma,Women,All ages,Age-standardised,Stage 1,5-years,2013-2017,England,345,:,:,:
Hodgkin Lymphoma,Women,15-44,Non-standardised,Stage 2,5-years,2013-2017,England,882,:,:,:
Hodgkin Lymphoma,Women,45-54,Non-standardised,Stage 2,5-years,2013-2017,England,131,:,:,:
Hodgkin Lymphoma,Women,55-64,Non-standardised,Stage 2,5-years,2013-2017,England,97,:,:,:
Hodgkin Lymphoma,Women,65-74,Non-standardised,Stage 2,5-years,2013-2017,England,101,:,:,:
Hodgkin Lymphoma,Women,75-99,Non-standardised,Stage 2,5-years,2013-2017,England,111,54.3,39.7,69.0
Hodgkin Lymphoma,Women,All ages,Non-standardised,Stage 2,5-years,2013-2017,England,"1,322",92.2,90.1,94.4
Hodgkin Lymphoma,Women,All ages,Age-standardised,Stage 2,5-years,2013-2017,England,"1,322",:,:,:
Hodgkin Lymphoma,Women,15-44,Non-standardised,Stage 3,5-years,2013-2017,England,256,:,:,:
Hodgkin Lymphoma,Women,45-54,Non-standardised,Stage 3,5-years,2013-2017,England,46,:,:,:
Hodgkin Lymphoma,Women,55-64,Non-standardised,Stage 3,5-years,2013-2017,England,69,:,:,:
Hodgkin Lymphoma,Women,65-74,Non-standardised,Stage 3,5-years,2013-2017,England,115,:,:,:
Hodgkin Lymphoma,Women,75-99,Non-standardised,Stage 3,5-years,2013-2017,England,123,:,:,:
Hodgkin Lymphoma,Women,All ages,Non-standardised,Stage 3,5-years,2013-2017,England,609,78.7,74.1,83.2
Hodgkin Lymphoma,Women,All ages,Age-standardised,Stage 3,5-years,2013-2017,England,609,:,:,:
Hodgkin Lymphoma,Women,15-44,Non-standardised,Stage 4,5-years,2013-2017,England,437,:,:,:
Hodgkin Lymphoma,Women,45-54,Non-standardised,Stage 4,5-years,2013-2017,England,95,:,:,:
Hodgkin Lymphoma,Women,55-64,Non-standardised,Stage 4,5-years,2013-2017,England,124,65.6,53.1,78.2
Hodgkin Lymphoma,Women,65-74,Non-standardised,Stage 4,5-years,2013-2017,England,142,50.9,40.0,61.8
Hodgkin Lymphoma,Women,75-99,Non-standardised,Stage 4,5-years,2013-2017,England,139,:,:,:
Hodgkin Lymphoma,Women,All ages,Non-standardised,Stage 4,5-years,2013-2017,England,937,72.3,68.5,76.1
Hodgkin Lymphoma,Women,All ages,Age-standardised,Stage 4,5-years,2013-2017,England,937,:,:,:
Hodgkin Lymphoma,Women,15-44,Non-standardised,Unknown/missing,5-years,2013-2017,England,170,:,:,:
Hodgkin Lymphoma,Women,45-54,Non-standardised,Unknown/missing,5-years,2013-2017,England,31,:,:,:
Hodgkin Lymphoma,Women,55-64,Non-standardised,Unknown/missing,5-years,2013-2017,England,41,:,:,:
Hodgkin Lymphoma,Women,65-74,Non-standardised,Unknown/missing,5-years,2013-2017,England,59,49.6,34.7,64.4
Hodgkin Lymphoma,Women,75-99,Non-standardised,Unknown/missing,5-years,2013-2017,England,88,:,:,:
Hodgkin Lymphoma,Women,All ages,Non-standardised,Unknown/missing,5-years,2013-2017,England,389,69.9,64.6,75.2
Hodgkin Lymphoma,Women,All ages,Age-standardised,Unknown/missing,5-years,2013-2017,England,389,:,:,:
Hodgkin Lymphoma,Women,15-54,Non-standardised,All stages combined,5-years,2013-2017,England,"2,212",96.2,95.2,97.2
Hodgkin Lymphoma,Women,55-64,Non-standardised,All stages combined,5-years,2013-2017,England,376,76.6,70.3,83.0
Hodgkin Lymphoma,Women,65-74,Non-standardised,All stages combined,5-years,2013-2017,England,489,64.9,58.7,71.0
Hodgkin Lymphoma,Women,75-99,Non-standardised,All stages combined,5-years,2013-2017,England,525,41.7,35.4,48.1
Hodgkin Lymphoma,Women,All ages,Non-standardised,All stages combined,5-years,2013-2017,England,"3,602",82.0,80.3,83.7
Hodgkin Lymphoma,Women,All ages,Age-standardised,All stages combined,5-years,2013-2017,England,"3,602",83.2,81.5,85.0
Hodgkin Lymphoma,Persons,15-44,Non-standardised,Stage 1,1-year,2013-2017,England,415,99.8,99.3,100.2
Hodgkin Lymphoma,Persons,45-54,Non-standardised,Stage 1,1-year,2013-2017,England,151,98.2,96.0,100.4
Hodgkin Lymphoma,Persons,55-64,Non-standardised,Stage 1,1-year,2013-2017,England,132,98.3,95.7,100.8
Hodgkin Lymphoma,Persons,65-74,Non-standardised,Stage 1,1-year,2013-2017,England,165,93.3,89.2,97.5
Hodgkin Lymphoma,Persons,75-99,Non-standardised,Stage 1,1-year,2013-2017,England,124,82.4,74.5,90.2
Hodgkin Lymphoma,Persons,All ages,Non-standardised,Stage 1,1-year,2013-2017,England,987,96.1,94.7,97.5
Hodgkin Lymphoma,Persons,All ages,Age-standardised,Stage 1,1-year,2013-2017,England,987,96.9,95.8,98.0
Hodgkin Lymphoma,Persons,15-44,Non-standardised,Stage 2,1-year,2013-2017,England,"1,709",99.7,99.4,100.0
Hodgkin Lymphoma,Persons,45-54,Non-standardised,Stage 2,1-year,2013-2017,England,303,97.9,96.2,99.6
Hodgkin Lymphoma,Persons,55-64,Non-standardised,Stage 2,1-year,2013-2017,England,250,96.1,93.6,98.7
Hodgkin Lymphoma,Persons,65-74,Non-standardised,Stage 2,1-year,2013-2017,England,207,89.0,84.5,93.5
Hodgkin Lymphoma,Persons,75-99,Non-standardised,Stage 2,1-year,2013-2017,England,220,69.6,62.9,76.2
Hodgkin Lymphoma,Persons,All ages,Non-standardised,Stage 2,1-year,2013-2017,England,"2,689",95.9,95.1,96.7
Hodgkin Lymphoma,Persons,All ages,Age-standardised,Stage 2,1-year,2013-2017,England,"2,689",94.6,93.5,95.7
Hodgkin Lymphoma,Persons,15-44,Non-standardised,Stage 3,1-year,2013-2017,England,635,99.0,98.1,99.8
Hodgkin Lymphoma,Persons,45-54,Non-standardised,Stage 3,1-year,2013-2017,England,185,97.0,94.5,99.6
Hodgkin Lymphoma,Persons,55-64,Non-standardised,Stage 3,1-year,2013-2017,England,219,89.2,85.0,93.4
Hodgkin Lymphoma,Persons,65-74,Non-standardised,Stage 3,1-year,2013-2017,England,258,79.4,74.3,84.5
Hodgkin Lymphoma,Persons,75-99,Non-standardised,Stage 3,1-year,2013-2017,England,259,56.7,50.2,63.1
Hodgkin Lymphoma,Persons,All ages,Non-standardised,Stage 3,1-year,2013-2017,England,"1,556",87.1,85.3,88.8
Hodgkin Lymphoma,Persons,All ages,Age-standardised,Stage 3,1-year,2013-2017,England,"1,556",90.4,89.1,91.8
Hodgkin Lymphoma,Persons,15-44,Non-standardised,Stage 4,1-year,2013-2017,England,"1,027",98.1,97.3,99.0
Hodgkin Lymphoma,Persons,45-54,Non-standardised,Stage 4,1-year,2013-2017,England,289,92.2,89.1,95.4
Hodgkin Lymphoma,Persons,55-64,Non-standardised,Stage 4,1-year,2013-2017,England,300,81.2,76.7,85.7
Hodgkin Lymphoma,Persons,65-74,Non-standardised,Stage 4,1-year,2013-2017,England,358,70.9,66.1,75.8
Hodgkin Lymphoma,Persons,75-99,Non-standardised,Stage 4,1-year,2013-2017,England,323,53.5,47.8,59.2
Hodgkin Lymphoma,Persons,All ages,Non-standardised,Stage 4,1-year,2013-2017,England,"2,297",84.7,83.1,86.2
Hodgkin Lymphoma,Persons,All ages,Age-standardised,Stage 4,1-year,2013-2017,England,"2,297",87.2,85.9,88.5
Hodgkin Lymphoma,Persons,15-44,Non-standardised,Unknown/missing,1-year,2013-2017,England,349,97.1,95.4,98.9
Hodgkin Lymphoma,Persons,45-54,Non-standardised,Unknown/missing,1-year,2013-2017,England,79,95.1,90.2,99.9
Hodgkin Lymphoma,Persons,55-64,Non-standardised,Unknown/missing,1-year,2013-2017,England,111,85.1,78.3,91.8
Hodgkin Lymphoma,Persons,65-74,Non-standardised,Unknown/missing,1-year,2013-2017,England,139,63.6,55.5,71.7
Hodgkin Lymphoma,Persons,75-99,Non-standardised,Unknown/missing,1-year,2013-2017,England,183,41.7,34.3,49.2
Hodgkin Lymphoma,Persons,All ages,Non-standardised,Unknown/missing,1-year,2013-2017,England,861,78.1,75.2,80.9
Hodgkin Lymphoma,Persons,All ages,Age-standardised,Unknown/missing,1-year,2013-2017,England,861,84.3,82.1,86.5
Hodgkin Lymphoma,Persons,15-44,Non-standardised,All stages combined,1-year,2013-2017,England,"4,135",99.0,98.7,99.3
Hodgkin Lymphoma,Persons,45-54,Non-standardised,All stages combined,1-year,2013-2017,England,"1,007",96.0,94.7,97.2
Hodgkin Lymphoma,Persons,55-64,Non-standardised,All stages combined,1-year,2013-2017,England,"1,012",89.3,87.3,91.3
Hodgkin Lymphoma,Persons,65-74,Non-standardised,All stages combined,1-year,2013-2017,England,"1,127",78.6,76.1,81.1
Hodgkin Lymphoma,Persons,75-99,Non-standardised,All stages combined,1-year,2013-2017,England,"1,109",58.8,55.7,61.9
Hodgkin Lymphoma,Persons,All ages,Non-standardised,All stages combined,1-year,2013-2017,England,"8,390",89.4,88.7,90.1
Hodgkin Lymphoma,Persons,All ages,Age-standardised,All stages combined,1-year,2013-2017,England,"8,390",90.6,90.0,91.2
Hodgkin Lymphoma,Persons,15-44,Non-standardised,Stage 1,5-years,2013-2017,England,415,:,:,:
Hodgkin Lymphoma,Persons,45-54,Non-standardised,Stage 1,5-years,2013-2017,England,151,:,:,:
Hodgkin Lymphoma,Persons,55-64,Non-standardised,Stage 1,5-years,2013-2017,England,132,93.8,85.6,102.0
Hodgkin Lymphoma,Persons,65-74,Non-standardised,Stage 1,5-years,2013-2017,England,165,:,:,:
Hodgkin Lymphoma,Persons,75-99,Non-standardised,Stage 1,5-years,2013-2017,England,124,58.9,42.2,75.5
Hodgkin Lymphoma,Persons,All ages,Non-standardised,Stage 1,5-years,2013-2017,England,987,90.4,87.2,93.6
Hodgkin Lymphoma,Persons,All ages,Age-standardised,Stage 1,5-years,2013-2017,England,987,:,:,:
Hodgkin Lymphoma,Persons,15-44,Non-standardised,Stage 2,5-years,2013-2017,England,"1,709",:,:,:
Hodgkin Lymphoma,Persons,45-54,Non-standardised,Stage 2,5-years,2013-2017,England,303,:,:,:
Hodgkin Lymphoma,Persons,55-64,Non-standardised,Stage 2,5-years,2013-2017,England,250,88.7,82.7,94.7
Hodgkin Lymphoma,Persons,65-74,Non-standardised,Stage 2,5-years,2013-2017,England,207,74.8,64.6,84.9
Hodgkin Lymphoma,Persons,75-99,Non-standardised,Stage 2,5-years,2013-2017,England,220,52.5,39.8,65.3
Hodgkin Lymphoma,Persons,All ages,Non-standardised,Stage 2,5-years,2013-2017,England,"2,689",91.2,89.4,93.0
Hodgkin Lymphoma,Persons,All ages,Age-standardised,Stage 2,5-years,2013-2017,England,"2,689",:,:,:
Hodgkin Lymphoma,Persons,15-44,Non-standardised,Stage 3,5-years,2013-2017,England,635,95.9,93.6,98.1
Hodgkin Lymphoma,Persons,45-54,Non-standardised,Stage 3,5-years,2013-2017,England,185,:,:,:
Hodgkin Lymphoma,Persons,55-64,Non-standardised,Stage 3,5-years,2013-2017,England,219,69.9,58.5,81.3
Hodgkin Lymphoma,Persons,65-74,Non-standardised,Stage 3,5-years,2013-2017,England,258,:,:,:
Hodgkin Lymphoma,Persons,75-99,Non-standardised,Stage 3,5-years,2013-2017,England,259,:,:,:
Hodgkin Lymphoma,Persons,All ages,Non-standardised,Stage 3,5-years,2013-2017,England,"1,556",78.0,75.0,81.0
Hodgkin Lymphoma,Persons,All ages,Age-standardised,Stage 3,5-years,2013-2017,England,"1,556",:,:,:
Hodgkin Lymphoma,Persons,15-54,Non-standardised,Stage 4,5-years,2013-2017,England,"1,316",90.4,88.3,92.4
Hodgkin Lymphoma,Persons,55-64,Non-standardised,Stage 4,5-years,2013-2017,England,300,70.0,63.1,76.9
Hodgkin Lymphoma,Persons,65-74,Non-standardised,Stage 4,5-years,2013-2017,England,358,51.2,44.2,58.3
Hodgkin Lymphoma,Persons,75-99,Non-standardised,Stage 4,5-years,2013-2017,England,323,30.3,22.4,38.3
Hodgkin Lymphoma,Persons,All ages,Non-standardised,Stage 4,5-years,2013-2017,England,"2,297",73.4,71.0,75.7
Hodgkin Lymphoma,Persons,All ages,Age-standardised,Stage 4,5-years,2013-2017,England,"2,297",74.6,72.0,77.3
Hodgkin Lymphoma,Persons,15-44,Non-standardised,Unknown/missing,5-years,2013-2017,England,349,:,:,:
Hodgkin Lymphoma,Persons,45-54,Non-standardised,Unknown/missing,5-years,2013-2017,England,79,:,:,:
Hodgkin Lymphoma,Persons,55-64,Non-standardised,Unknown/missing,5-years,2013-2017,England,111,68.4,58.4,78.3
Hodgkin Lymphoma,Persons,65-74,Non-standardised,Unknown/missing,5-years,2013-2017,England,139,43.9,34.3,53.5
Hodgkin Lymphoma,Persons,75-99,Non-standardised,Unknown/missing,5-years,2013-2017,England,183,26.6,17.9,35.2
Hodgkin Lymphoma,Persons,All ages,Non-standardised,Unknown/missing,5-years,2013-2017,England,861,68.5,64.8,72.1
Hodgkin Lymphoma,Persons,All ages,Age-standardised,Unknown/missing,5-years,2013-2017,England,861,:,:,:
Hodgkin Lymphoma,Persons,15-44,Non-standardised,All stages combined,5-years,2013-2017,England,"4,135",96.3,95.6,97.0
Hodgkin Lymphoma,Persons,45-54,Non-standardised,All stages combined,5-years,2013-2017,England,"1,007",91.2,88.9,93.6
Hodgkin Lymphoma,Persons,55-64,Non-standardised,All stages combined,5-years,2013-2017,England,"1,012",77.9,74.2,81.6
Hodgkin Lymphoma,Persons,65-74,Non-standardised,All stages combined,5-years,2013-2017,England,"1,127",63.1,59.1,67.2
Hodgkin Lymphoma,Persons,75-99,Non-standardised,All stages combined,5-years,2013-2017,England,"1,109",39.3,34.5,44.2
Hodgkin Lymphoma,Persons,All ages,Non-standardised,All stages combined,5-years,2013-2017,England,"8,390",81.5,80.3,82.6
Hodgkin Lymphoma,Persons,All ages,Age-standardised,All stages combined,5-years,2013-2017,England,"8,390",82.2,80.9,83.5
Kidney,Men,15-44,Non-standardised,Stage 1,1-year,2013-2017,England,710,99.4,98.8,100.0
Kidney,Men,45-54,Non-standardised,Stage 1,1-year,2013-2017,England,"1,566",98.9,98.3,99.5
Kidney,Men,55-64,Non-standardised,Stage 1,1-year,2013-2017,England,"2,368",98.3,97.6,98.9
Kidney,Men,65-74,Non-standardised,Stage 1,1-year,2013-2017,England,"3,205",97.6,96.9,98.3
Kidney,Men,75-99,Non-standardised,Stage 1,1-year,2013-2017,England,"2,926",89.9,88.4,91.3
Kidney,Men,All ages,Non-standardised,Stage 1,1-year,2013-2017,England,"10,775",96.0,95.5,96.5
Kidney,Men,All ages,Age-standardised,Stage 1,1-year,2013-2017,England,"10,775",95.7,95.2,96.2
Kidney,Men,15-44,Non-standardised,Stage 2,1-year,2013-2017,England,156,98.2,96.0,100.4
Kidney,Men,45-54,Non-standardised,Stage 2,1-year,2013-2017,England,344,98.3,96.8,99.8
Kidney,Men,55-64,Non-standardised,Stage 2,1-year,2013-2017,England,504,97.8,96.3,99.3
Kidney,Men,65-74,Non-standardised,Stage 2,1-year,2013-2017,England,581,93.0,90.6,95.3
Kidney,Men,75-99,Non-standardised,Stage 2,1-year,2013-2017,England,508,83.6,79.6,87.5
Kidney,Men,All ages,Non-standardised,Stage 2,1-year,2013-2017,England,"2,093",93.1,91.9,94.4
Kidney,Men,All ages,Age-standardised,Stage 2,1-year,2013-2017,England,"2,093",92.1,90.7,93.6
Kidney,Men,15-44,Non-standardised,Stage 3,1-year,2013-2017,England,205,94.8,91.7,97.9
Kidney,Men,45-54,Non-standardised,Stage 3,1-year,2013-2017,England,593,96.4,94.9,98.0
Kidney,Men,55-64,Non-standardised,Stage 3,1-year,2013-2017,England,"1,071",94.5,93.0,95.9
Kidney,Men,65-74,Non-standardised,Stage 3,1-year,2013-2017,England,"1,482",95.2,93.9,96.5
Kidney,Men,75-99,Non-standardised,Stage 3,1-year,2013-2017,England,"1,138",87.2,84.8,89.6
Kidney,Men,All ages,Non-standardised,Stage 3,1-year,2013-2017,England,"4,489",93.1,92.3,94.0
Kidney,Men,All ages,Age-standardised,Stage 3,1-year,2013-2017,England,"4,489",92.8,91.8,93.7
Kidney,Men,15-44,Non-standardised,Stage 4,1-year,2013-2017,England,178,52.1,44.7,59.4
Kidney,Men,45-54,Non-standardised,Stage 4,1-year,2013-2017,England,669,50.1,46.3,53.9
Kidney,Men,55-64,Non-standardised,Stage 4,1-year,2013-2017,England,"1,359",46.5,43.8,49.1
Kidney,Men,65-74,Non-standardised,Stage 4,1-year,2013-2017,England,"1,789",41.5,39.2,43.8
Kidney,Men,75-99,Non-standardised,Stage 4,1-year,2013-2017,England,"1,913",29.3,27.1,31.4
Kidney,Men,All ages,Non-standardised,Stage 4,1-year,2013-2017,England,"5,908",40.0,38.7,41.2
Kidney,Men,All ages,Age-standardised,Stage 4,1-year,2013-2017,England,"5,908",40.0,38.7,41.3
Kidney,Men,15-44,Non-standardised,Unstageable,1-year,2013-2017,England,9,:,:,:
Kidney,Men,45-54,Non-standardised,Unstageable,1-year,2013-2017,England,11,:,:,:
Kidney,Men,55-64,Non-standardised,Unstageable,1-year,2013-2017,England,12,:,:,:
Kidney,Men,65-74,Non-standardised,Unstageable,1-year,2013-2017,England,23,70.9,52.3,89.6
Kidney,Men,75-99,Non-standardised,Unstageable,1-year,2013-2017,England,13,:,:,:
Kidney,Men,All ages,Non-standardised,Unstageable,1-year,2013-2017,England,68,61.1,49.2,72.9
Kidney,Men,All ages,Age-standardised,Unstageable,1-year,2013-2017,England,68,:,:,:
Kidney,Men,15-44,Non-standardised,Unknown/missing,1-year,2013-2017,England,192,92.2,88.4,96.0
Kidney,Men,45-54,Non-standardised,Unknown/missing,1-year,2013-2017,England,407,87.9,84.8,91.1
Kidney,Men,55-64,Non-standardised,Unknown/missing,1-year,2013-2017,England,739,81.1,78.2,83.9
Kidney,Men,65-74,Non-standardised,Unknown/missing,1-year,2013-2017,England,"1,153",77.9,75.4,80.4
Kidney,Men,75-99,Non-standardised,Unknown/missing,1-year,2013-2017,England,"1,836",56.3,53.9,58.8
Kidney,Men,All ages,Non-standardised,Unknown/missing,1-year,2013-2017,England,"4,327",70.9,69.4,72.3
Kidney,Men,All ages,Age-standardised,Unknown/missing,1-year,2013-2017,England,"4,327",73.5,72.1,74.8
Kidney,Men,15-44,Non-standardised,All stages combined,1-year,2013-2017,England,"1,450",91.5,90.1,93.0
Kidney,Men,45-54,Non-standardised,All stages combined,1-year,2013-2017,England,"3,590",88.1,87.0,89.1
Kidney,Men,55-64,Non-standardised,All stages combined,1-year,2013-2017,England,"6,053",83.7,82.8,84.7
Kidney,Men,65-74,Non-standardised,All stages combined,1-year,2013-2017,England,"8,233",81.8,80.9,82.7
Kidney,Men,75-99,Non-standardised,All stages combined,1-year,2013-2017,England,"8,334",67.8,66.7,68.9
Kidney,Men,All ages,Non-standardised,All stages combined,1-year,2013-2017,England,"27,660",79.3,78.8,79.8
Kidney,Men,All ages,Age-standardised,All stages combined,1-year,2013-2017,England,"27,660",79.2,78.7,79.7
Kidney,Men,15-44,Non-standardised,Stage 1,5-years,2013-2017,England,710,97.2,95.1,99.4
Kidney,Men,45-54,Non-standardised,Stage 1,5-years,2013-2017,England,"1,566",95.8,94.2,97.5
Kidney,Men,55-64,Non-standardised,Stage 1,5-years,2013-2017,England,"2,368",91.8,89.7,93.9
Kidney,Men,65-74,Non-standardised,Stage 1,5-years,2013-2017,England,"3,205",89.1,86.7,91.4
Kidney,Men,75-99,Non-standardised,Stage 1,5-years,2013-2017,England,"2,926",72.5,67.9,77.2
Kidney,Men,All ages,Non-standardised,Stage 1,5-years,2013-2017,England,"10,775",86.7,85.1,88.3
Kidney,Men,All ages,Age-standardised,Stage 1,5-years,2013-2017,England,"10,775",85.8,84.0,87.6
Kidney,Men,15-44,Non-standardised,Stage 2,5-years,2013-2017,England,156,84.4,74.8,94.0
Kidney,Men,45-54,Non-standardised,Stage 2,5-years,2013-2017,England,344,87.5,82.2,92.9
Kidney,Men,55-64,Non-standardised,Stage 2,5-years,2013-2017,England,504,92.4,88.6,96.2
Kidney,Men,65-74,Non-standardised,Stage 2,5-years,2013-2017,England,581,81.5,76.4,86.7
Kidney,Men,75-99,Non-standardised,Stage 2,5-years,2013-2017,England,508,56.2,47.1,65.3
Kidney,Men,All ages,Non-standardised,Stage 2,5-years,2013-2017,England,"2,093",79.1,75.9,82.3
Kidney,Men,All ages,Age-standardised,Stage 2,5-years,2013-2017,England,"2,093",76.2,72.3,80.3
Kidney,Men,15-54,Non-standardised,Stage 3,5-years,2013-2017,England,798,81.1,77.1,85.2
Kidney,Men,55-64,Non-standardised,Stage 3,5-years,2013-2017,England,"1,071",79.7,76.1,83.3
Kidney,Men,65-74,Non-standardised,Stage 3,5-years,2013-2017,England,"1,482",77.4,73.4,81.4
Kidney,Men,75-99,Non-standardised,Stage 3,5-years,2013-2017,England,"1,138",66.6,60.7,72.4
Kidney,Men,All ages,Non-standardised,Stage 3,5-years,2013-2017,England,"4,489",75.9,73.5,78.2
Kidney,Men,All ages,Age-standardised,Stage 3,5-years,2013-2017,England,"4,489",75.3,72.9,77.8
Kidney,Men,15-44,Non-standardised,Stage 4,5-years,2013-2017,England,178,19.6,12.2,27.1
Kidney,Men,45-54,Non-standardised,Stage 4,5-years,2013-2017,England,669,17.4,13.3,21.6
Kidney,Men,55-64,Non-standardised,Stage 4,5-years,2013-2017,England,"1,359",16.7,13.7,19.7
Kidney,Men,65-74,Non-standardised,Stage 4,5-years,2013-2017,England,"1,789",13.5,11.3,15.8
Kidney,Men,75-99,Non-standardised,Stage 4,5-years,2013-2017,England,"1,913",6.1,4.0,8.2
Kidney,Men,All ages,Non-standardised,Stage 4,5-years,2013-2017,England,"5,908",12.3,10.9,13.7
Kidney,Men,All ages,Age-standardised,Stage 4,5-years,2013-2017,England,"5,908",11.9,10.5,13.5
Kidney,Men,15-44,Non-standardised,Unstageable,5-years,2013-2017,England,9,:,:,:
Kidney,Men,45-54,Non-standardised,Unstageable,5-years,2013-2017,England,11,:,:,:
Kidney,Men,55-64,Non-standardised,Unstageable,5-years,2013-2017,England,12,:,:,:
Kidney,Men,65-74,Non-standardised,Unstageable,5-years,2013-2017,England,23,:,:,:
Kidney,Men,75-99,Non-standardised,Unstageable,5-years,2013-2017,England,13,:,:,:
Kidney,Men,All ages,Non-standardised,Unstageable,5-years,2013-2017,England,68,:,:,:
Kidney,Men,All ages,Age-standardised,Unstageable,5-years,2013-2017,England,68,:,:,:
Kidney,Men,15-44,Non-standardised,Unknown/missing,5-years,2013-2017,England,192,84.6,78.7,90.4
Kidney,Men,45-54,Non-standardised,Unknown/missing,5-years,2013-2017,England,407,79.9,75.5,84.4
Kidney,Men,55-64,Non-standardised,Unknown/missing,5-years,2013-2017,England,739,68.6,64.6,72.7
Kidney,Men,65-74,Non-standardised,Unknown/missing,5-years,2013-2017,England,"1,153",61.8,58.1,65.4
Kidney,Men,75-99,Non-standardised,Unknown/missing,5-years,2013-2017,England,"1,836",38.0,34.2,41.7
Kidney,Men,All ages,Non-standardised,Unknown/missing,5-years,2013-2017,England,"4,327",55.4,53.2,57.6
Kidney,Men,All ages,Age-standardised,Unknown/missing,5-years,2013-2017,England,"4,327",57.9,55.8,60.1
Kidney,Men,15-44,Non-standardised,All stages combined,5-years,2013-2017,England,"1,450",82.1,79.5,84.7
Kidney,Men,45-54,Non-standardised,All stages combined,5-years,2013-2017,England,"3,590",76.3,74.5,78.0
Kidney,Men,55-64,Non-standardised,All stages combined,5-years,2013-2017,England,"6,053",70.0,68.4,71.5
Kidney,Men,65-74,Non-standardised,All stages combined,5-years,2013-2017,England,"8,233",65.8,64.2,67.3
Kidney,Men,75-99,Non-standardised,All stages combined,5-years,2013-2017,England,"8,334",48.0,45.8,50.1
Kidney,Men,All ages,Non-standardised,All stages combined,5-years,2013-2017,England,"27,660",63.4,62.5,64.4
Kidney,Men,All ages,Age-standardised,All stages combined,5-years,2013-2017,England,"27,660",62.9,61.9,64.0
Kidney,Women,15-54,Non-standardised,Stage 1,1-year,2013-2017,England,"1,393",99.8,99.5,100.1
Kidney,Women,55-64,Non-standardised,Stage 1,1-year,2013-2017,England,"1,428",99.1,98.5,99.7
Kidney,Women,65-74,Non-standardised,Stage 1,1-year,2013-2017,England,"1,907",97.2,96.3,98.1
Kidney,Women,75-99,Non-standardised,Stage 1,1-year,2013-2017,England,"2,205",90.6,89.1,92.2
Kidney,Women,All ages,Non-standardised,Stage 1,1-year,2013-2017,England,"6,933",96.0,95.5,96.6
Kidney,Women,All ages,Age-standardised,Stage 1,1-year,2013-2017,England,"6,933",96.2,95.6,96.7
Kidney,Women,15-44,Non-standardised,Stage 2,1-year,2013-2017,England,102,98.1,95.4,100.7
Kidney,Women,45-54,Non-standardised,Stage 2,1-year,2013-2017,England,171,99.0,97.4,100.6
Kidney,Women,55-64,Non-standardised,Stage 2,1-year,2013-2017,England,268,97.1,94.9,99.3
Kidney,Women,65-74,Non-standardised,Stage 2,1-year,2013-2017,England,333,93.9,91.1,96.7
Kidney,Women,75-99,Non-standardised,Stage 2,1-year,2013-2017,England,379,85.0,80.7,89.3
Kidney,Women,All ages,Non-standardised,Stage 2,1-year,2013-2017,England,"1,253",93.0,91.3,94.6
Kidney,Women,All ages,Age-standardised,Stage 2,1-year,2013-2017,England,"1,253",92.8,91.1,94.5
Kidney,Women,15-44,Non-standardised,Stage 3,1-year,2013-2017,England,87,96.6,92.8,100.4
Kidney,Women,45-54,Non-standardised,Stage 3,1-year,2013-2017,England,244,92.0,88.6,95.5
Kidney,Women,55-64,Non-standardised,Stage 3,1-year,2013-2017,England,508,93.0,90.7,95.3
Kidney,Women,65-74,Non-standardised,Stage 3,1-year,2013-2017,England,781,93.1,91.2,95.0
Kidney,Women,75-99,Non-standardised,Stage 3,1-year,2013-2017,England,720,83.6,80.5,86.7
Kidney,Women,All ages,Non-standardised,Stage 3,1-year,2013-2017,England,"2,340",90.2,88.8,91.5
Kidney,Women,All ages,Age-standardised,Stage 3,1-year,2013-2017,England,"2,340",90.3,89.0,91.6
Kidney,Women,15-44,Non-standardised,Stage 4,1-year,2013-2017,England,86,43.1,32.7,53.4
Kidney,Women,45-54,Non-standardised,Stage 4,1-year,2013-2017,England,218,45.5,38.9,52.1
Kidney,Women,55-64,Non-standardised,Stage 4,1-year,2013-2017,England,522,45.8,41.6,50.1
Kidney,Women,65-74,Non-standardised,Stage 4,1-year,2013-2017,England,899,40.3,37.0,43.5
Kidney,Women,75-99,Non-standardised,Stage 4,1-year,2013-2017,England,"1,391",24.2,21.9,26.5
Kidney,Women,All ages,Non-standardised,Stage 4,1-year,2013-2017,England,"3,116",34.5,32.8,36.2
Kidney,Women,All ages,Age-standardised,Stage 4,1-year,2013-2017,England,"3,116",36.5,34.8,38.3
Kidney,Women,15-44,Non-standardised,Unstageable,1-year,2013-2017,England,14,71.5,48.8,94.2
Kidney,Women,45-54,Non-standardised,Unstageable,1-year,2013-2017,England,8,:,:,:
Kidney,Women,55-64,Non-standardised,Unstageable,1-year,2013-2017,England,15,80.4,60.8,100.0
Kidney,Women,65-74,Non-standardised,Unstageable,1-year,2013-2017,England,13,100.0,100.0,100.0
Kidney,Women,75-99,Non-standardised,Unstageable,1-year,2013-2017,England,11,:,:,:
Kidney,Women,All ages,Non-standardised,Unstageable,1-year,2013-2017,England,61,78.3,67.7,88.9
Kidney,Women,All ages,Age-standardised,Unstageable,1-year,2013-2017,England,61,:,:,:
Kidney,Women,15-44,Non-standardised,Unknown/missing,1-year,2013-2017,England,89,97.8,94.7,100.9
Kidney,Women,45-54,Non-standardised,Unknown/missing,1-year,2013-2017,England,221,89.7,85.6,93.7
Kidney,Women,55-64,Non-standardised,Unknown/missing,1-year,2013-2017,England,327,83.2,79.1,87.3
Kidney,Women,65-74,Non-standardised,Unknown/missing,1-year,2013-2017,England,607,77.2,73.8,80.6
Kidney,Women,75-99,Non-standardised,Unknown/missing,1-year,2013-2017,England,"1,412",52.2,49.4,55.0
Kidney,Women,All ages,Non-standardised,Unknown/missing,1-year,2013-2017,England,"2,656",66.3,64.4,68.2
Kidney,Women,All ages,Age-standardised,Unknown/missing,1-year,2013-2017,England,"2,656",72.6,70.9,74.3
Kidney,Women,15-44,Non-standardised,All stages combined,1-year,2013-2017,England,846,92.9,91.1,94.6
Kidney,Women,45-54,Non-standardised,All stages combined,1-year,2013-2017,England,"1,787",90.7,89.3,92.0
Kidney,Women,55-64,Non-standardised,All stages combined,1-year,2013-2017,England,"3,068",87.1,85.9,88.3
Kidney,Women,65-74,Non-standardised,All stages combined,1-year,2013-2017,England,"4,540",82.3,81.2,83.5
Kidney,Women,75-99,Non-standardised,All stages combined,1-year,2013-2017,England,"6,118",65.4,64.1,66.7
Kidney,Women,All ages,Non-standardised,All stages combined,1-year,2013-2017,England,"16,359",78.4,77.7,79.0
Kidney,Women,All ages,Age-standardised,All stages combined,1-year,2013-2017,England,"16,359",79.6,79.0,80.2
Kidney,Women,15-54,Non-standardised,Stage 1,5-years,2013-2017,England,"1,393",98.3,97.1,99.6
Kidney,Women,55-64,Non-standardised,Stage 1,5-years,2013-2017,England,"1,428",94.5,92.4,96.5
Kidney,Women,65-74,Non-standardised,Stage 1,5-years,2013-2017,England,"1,907",90.4,87.8,93.1
Kidney,Women,75-99,Non-standardised,Stage 1,5-years,2013-2017,England,"2,205",76.0,71.4,80.7
Kidney,Women,All ages,Non-standardised,Stage 1,5-years,2013-2017,England,"6,933",88.2,86.5,90.0
Kidney,Women,All ages,Age-standardised,Stage 1,5-years,2013-2017,England,"6,933",88.2,86.5,90.1
Kidney,Women,15-54,Non-standardised,Stage 2,5-years,2013-2017,England,273,91.8,87.3,96.3
Kidney,Women,55-64,Non-standardised,Stage 2,5-years,2013-2017,England,268,87.8,81.0,94.6
Kidney,Women,65-74,Non-standardised,Stage 2,5-years,2013-2017,England,333,81.3,74.2,88.4
Kidney,Women,75-99,Non-standardised,Stage 2,5-years,2013-2017,England,379,58.5,49.1,68.0
Kidney,Women,All ages,Non-standardised,Stage 2,5-years,2013-2017,England,"1,253",78.2,74.1,82.2
Kidney,Women,All ages,Age-standardised,Stage 2,5-years,2013-2017,England,"1,253",77.0,72.7,81.5
Kidney,Women,15-54,Non-standardised,Stage 3,5-years,2013-2017,England,331,77.1,70.5,83.6
Kidney,Women,55-64,Non-standardised,Stage 3,5-years,2013-2017,England,508,76.9,71.5,82.3
Kidney,Women,65-74,Non-standardised,Stage 3,5-years,2013-2017,England,781,77.6,72.8,82.3
Kidney,Women,75-99,Non-standardised,Stage 3,5-years,2013-2017,England,720,61.4,54.4,68.4
Kidney,Women,All ages,Non-standardised,Stage 3,5-years,2013-2017,England,"2,340",72.3,69.3,75.4
Kidney,Women,All ages,Age-standardised,Stage 3,5-years,2013-2017,England,"2,340",72.2,69.1,75.5
Kidney,Women,15-54,Non-standardised,Stage 4,5-years,2013-2017,England,304,18.5,12.9,24.2
Kidney,Women,55-64,Non-standardised,Stage 4,5-years,2013-2017,England,522,16.9,12.9,21.0
Kidney,Women,65-74,Non-standardised,Stage 4,5-years,2013-2017,England,899,13.7,10.5,16.9
Kidney,Women,75-99,Non-standardised,Stage 4,5-years,2013-2017,England,"1,391",8.3,6.0,10.5
Kidney,Women,All ages,Non-standardised,Stage 4,5-years,2013-2017,England,"3,116",12.2,10.6,13.9
Kidney,Women,All ages,Age-standardised,Stage 4,5-years,2013-2017,England,"3,116",13.2,11.5,15.0
Kidney,Women,15-44,Non-standardised,Unstageable,5-years,2013-2017,England,14,:,:,:
Kidney,Women,45-54,Non-standardised,Unstageable,5-years,2013-2017,England,8,:,:,:
Kidney,Women,55-64,Non-standardised,Unstageable,5-years,2013-2017,England,15,:,:,:
Kidney,Women,65-74,Non-standardised,Unstageable,5-years,2013-2017,England,13,:,:,:
Kidney,Women,75-99,Non-standardised,Unstageable,5-years,2013-2017,England,11,:,:,:
Kidney,Women,All ages,Non-standardised,Unstageable,5-years,2013-2017,England,61,:,:,:
Kidney,Women,All ages,Age-standardised,Unstageable,5-years,2013-2017,England,61,:,:,:
Kidney,Women,15-44,Non-standardised,Unknown/missing,5-years,2013-2017,England,89,:,:,:
Kidney,Women,45-54,Non-standardised,Unknown/missing,5-years,2013-2017,England,221,:,:,:
Kidney,Women,55-64,Non-standardised,Unknown/missing,5-years,2013-2017,England,327,73.0,67.4,78.7
Kidney,Women,65-74,Non-standardised,Unknown/missing,5-years,2013-2017,England,607,63.5,58.9,68.2
Kidney,Women,75-99,Non-standardised,Unknown/missing,5-years,2013-2017,England,"1,412",34.7,30.6,38.8
Kidney,Women,All ages,Non-standardised,Unknown/missing,5-years,2013-2017,England,"2,656",51.6,48.9,54.3
Kidney,Women,All ages,Age-standardised,Unknown/missing,5-years,2013-2017,England,"2,656",:,:,:
Kidney,Women,15-44,Non-standardised,All stages combined,5-years,2013-2017,England,846,86.1,83.1,89.1
Kidney,Women,45-54,Non-standardised,All stages combined,5-years,2013-2017,England,"1,787",81.7,79.3,84.0
Kidney,Women,55-64,Non-standardised,All stages combined,5-years,2013-2017,England,"3,068",74.8,72.7,76.8
Kidney,Women,65-74,Non-standardised,All stages combined,5-years,2013-2017,England,"4,540",68.4,66.4,70.3
Kidney,Women,75-99,Non-standardised,All stages combined,5-years,2013-2017,England,"6,118",47.9,45.6,50.3
Kidney,Women,All ages,Non-standardised,All stages combined,5-years,2013-2017,England,"16,359",64.2,63.1,65.4
Kidney,Women,All ages,Age-standardised,All stages combined,5-years,2013-2017,England,"16,359",65.4,64.2,66.6
Kidney,Persons,15-44,Non-standardised,Stage 1,1-year,2013-2017,England,"1,178",99.6,99.2,100.0
Kidney,Persons,45-54,Non-standardised,Stage 1,1-year,2013-2017,England,"2,491",99.2,98.8,99.6
Kidney,Persons,55-64,Non-standardised,Stage 1,1-year,2013-2017,England,"3,796",98.6,98.1,99.1
Kidney,Persons,65-74,Non-standardised,Stage 1,1-year,2013-2017,England,"5,112",97.5,96.9,98.0
Kidney,Persons,75-99,Non-standardised,Stage 1,1-year,2013-2017,England,"5,131",90.2,89.2,91.3
Kidney,Persons,All ages,Non-standardised,Stage 1,1-year,2013-2017,England,"17,708",96.0,95.6,96.4
Kidney,Persons,All ages,Age-standardised,Stage 1,1-year,2013-2017,England,"17,708",95.9,95.5,96.3
Kidney,Persons,15-44,Non-standardised,Stage 2,1-year,2013-2017,England,258,98.2,96.5,99.9
Kidney,Persons,45-54,Non-standardised,Stage 2,1-year,2013-2017,England,515,98.5,97.4,99.7
Kidney,Persons,55-64,Non-standardised,Stage 2,1-year,2013-2017,England,772,97.5,96.3,98.8
Kidney,Persons,65-74,Non-standardised,Stage 2,1-year,2013-2017,England,914,93.3,91.5,95.1
Kidney,Persons,75-99,Non-standardised,Stage 2,1-year,2013-2017,England,887,84.2,81.3,87.1
Kidney,Persons,All ages,Non-standardised,Stage 2,1-year,2013-2017,England,"3,346",93.1,92.1,94.1
Kidney,Persons,All ages,Age-standardised,Stage 2,1-year,2013-2017,England,"3,346",92.4,91.3,93.5
Kidney,Persons,15-44,Non-standardised,Stage 3,1-year,2013-2017,England,292,95.3,92.9,97.8
Kidney,Persons,45-54,Non-standardised,Stage 3,1-year,2013-2017,England,837,95.1,93.6,96.6
Kidney,Persons,55-64,Non-standardised,Stage 3,1-year,2013-2017,England,"1,579",94.0,92.7,95.2
Kidney,Persons,65-74,Non-standardised,Stage 3,1-year,2013-2017,England,"2,263",94.5,93.4,95.5
Kidney,Persons,75-99,Non-standardised,Stage 3,1-year,2013-2017,England,"1,858",85.8,83.9,87.7
Kidney,Persons,All ages,Non-standardised,Stage 3,1-year,2013-2017,England,"6,829",92.1,91.4,92.9
Kidney,Persons,All ages,Age-standardised,Stage 3,1-year,2013-2017,England,"6,829",91.9,91.1,92.7
Kidney,Persons,15-44,Non-standardised,Stage 4,1-year,2013-2017,England,264,49.1,43.1,55.1
Kidney,Persons,45-54,Non-standardised,Stage 4,1-year,2013-2017,England,887,49.0,45.7,52.3
Kidney,Persons,55-64,Non-standardised,Stage 4,1-year,2013-2017,England,"1,881",46.3,44.0,48.6
Kidney,Persons,65-74,Non-standardised,Stage 4,1-year,2013-2017,England,"2,688",41.1,39.2,42.9
Kidney,Persons,75-99,Non-standardised,Stage 4,1-year,2013-2017,England,"3,304",27.1,25.6,28.7
Kidney,Persons,All ages,Non-standardised,Stage 4,1-year,2013-2017,England,"9,024",38.1,37.0,39.1
Kidney,Persons,All ages,Age-standardised,Stage 4,1-year,2013-2017,England,"9,024",38.7,37.7,39.8
Kidney,Persons,15-44,Non-standardised,Unstageable,1-year,2013-2017,England,23,60.9,41.5,80.3
Kidney,Persons,45-54,Non-standardised,Unstageable,1-year,2013-2017,England,19,77.9,59.2,96.5
Kidney,Persons,55-64,Non-standardised,Unstageable,1-year,2013-2017,England,27,67.0,49.6,84.5
Kidney,Persons,65-74,Non-standardised,Unstageable,1-year,2013-2017,England,36,81.8,68.9,94.7
Kidney,Persons,75-99,Non-standardised,Unstageable,1-year,2013-2017,England,24,53.6,33.1,74.2
Kidney,Persons,All ages,Non-standardised,Unstageable,1-year,2013-2017,England,129,69.3,61.1,77.5
Kidney,Persons,All ages,Age-standardised,Unstageable,1-year,2013-2017,England,129,67.3,58.6,77.4
Kidney,Persons,15-44,Non-standardised,Unknown/missing,1-year,2013-2017,England,281,94.0,91.2,96.8
Kidney,Persons,45-54,Non-standardised,Unknown/missing,1-year,2013-2017,England,628,88.6,86.0,91.1
Kidney,Persons,55-64,Non-standardised,Unknown/missing,1-year,2013-2017,England,"1,066",81.7,79.4,84.1
Kidney,Persons,65-74,Non-standardised,Unknown/missing,1-year,2013-2017,England,"1,760",77.7,75.7,79.7
Kidney,Persons,75-99,Non-standardised,Unknown/missing,1-year,2013-2017,England,"3,248",54.5,52.7,56.4
Kidney,Persons,All ages,Non-standardised,Unknown/missing,1-year,2013-2017,England,"6,983",69.2,68.0,70.3
Kidney,Persons,All ages,Age-standardised,Unknown/missing,1-year,2013-2017,England,"6,983",73.0,72.0,74.1
Kidney,Persons,15-44,Non-standardised,All stages combined,1-year,2013-2017,England,"2,296",92.0,90.9,93.1
Kidney,Persons,45-54,Non-standardised,All stages combined,1-year,2013-2017,England,"5,377",88.9,88.1,89.8
Kidney,Persons,55-64,Non-standardised,All stages combined,1-year,2013-2017,England,"9,121",84.8,84.1,85.6
Kidney,Persons,65-74,Non-standardised,All stages combined,1-year,2013-2017,England,"12,773",82.0,81.3,82.7
Kidney,Persons,75-99,Non-standardised,All stages combined,1-year,2013-2017,England,"14,452",66.8,65.9,67.6
Kidney,Persons,All ages,Non-standardised,All stages combined,1-year,2013-2017,England,"44,019",79.0,78.6,79.4
Kidney,Persons,All ages,Age-standardised,All stages combined,1-year,2013-2017,England,"44,019",79.3,78.9,79.7
Kidney,Persons,15-44,Non-standardised,Stage 1,5-years,2013-2017,England,"1,178",98.0,96.6,99.5
Kidney,Persons,45-54,Non-standardised,Stage 1,5-years,2013-2017,England,"2,491",96.6,95.4,97.8
Kidney,Persons,55-64,Non-standardised,Stage 1,5-years,2013-2017,England,"3,796",92.8,91.3,94.3
Kidney,Persons,65-74,Non-standardised,Stage 1,5-years,2013-2017,England,"5,112",89.6,87.8,91.3
Kidney,Persons,75-99,Non-standardised,Stage 1,5-years,2013-2017,England,"5,131",74.1,70.8,77.4
Kidney,Persons,All ages,Non-standardised,Stage 1,5-years,2013-2017,England,"17,708",87.3,86.1,88.5
Kidney,Persons,All ages,Age-standardised,Stage 1,5-years,2013-2017,England,"17,708",86.8,85.5,88.1
Kidney,Persons,15-44,Non-standardised,Stage 2,5-years,2013-2017,England,258,86.2,79.6,92.8
Kidney,Persons,45-54,Non-standardised,Stage 2,5-years,2013-2017,England,515,89.9,86.0,93.7
Kidney,Persons,55-64,Non-standardised,Stage 2,5-years,2013-2017,England,772,90.8,87.4,94.2
Kidney,Persons,65-74,Non-standardised,Stage 2,5-years,2013-2017,England,914,81.5,77.3,85.7
Kidney,Persons,75-99,Non-standardised,Stage 2,5-years,2013-2017,England,887,57.2,50.6,63.9
Kidney,Persons,All ages,Non-standardised,Stage 2,5-years,2013-2017,England,"3,346",78.8,76.2,81.3
Kidney,Persons,All ages,Age-standardised,Stage 2,5-years,2013-2017,England,"3,346",76.6,73.7,79.6
Kidney,Persons,15-54,Non-standardised,Stage 3,5-years,2013-2017,England,"1,129",79.9,76.5,83.4
Kidney,Persons,55-64,Non-standardised,Stage 3,5-years,2013-2017,England,"1,579",78.8,75.8,81.9
Kidney,Persons,65-74,Non-standardised,Stage 3,5-years,2013-2017,England,"2,263",77.5,74.4,80.6
Kidney,Persons,75-99,Non-standardised,Stage 3,5-years,2013-2017,England,"1,858",64.6,60.1,69.1
Kidney,Persons,All ages,Non-standardised,Stage 3,5-years,2013-2017,England,"6,829",74.7,72.8,76.5
Kidney,Persons,All ages,Age-standardised,Stage 3,5-years,2013-2017,England,"6,829",74.2,72.3,76.2
Kidney,Persons,15-44,Non-standardised,Stage 4,5-years,2013-2017,England,264,20.7,14.6,26.8
Kidney,Persons,45-54,Non-standardised,Stage 4,5-years,2013-2017,England,887,17.2,13.7,20.8
Kidney,Persons,55-64,Non-standardised,Stage 4,5-years,2013-2017,England,"1,881",16.8,14.4,19.2
Kidney,Persons,65-74,Non-standardised,Stage 4,5-years,2013-2017,England,"2,688",13.5,11.7,15.4
Kidney,Persons,75-99,Non-standardised,Stage 4,5-years,2013-2017,England,"3,304",6.9,5.3,8.5
Kidney,Persons,All ages,Non-standardised,Stage 4,5-years,2013-2017,England,"9,024",12.3,11.3,13.4
Kidney,Persons,All ages,Age-standardised,Stage 4,5-years,2013-2017,England,"9,024",12.4,11.3,13.6
Kidney,Persons,15-44,Non-standardised,Unstageable,5-years,2013-2017,England,23,:,:,:
Kidney,Persons,45-54,Non-standardised,Unstageable,5-years,2013-2017,England,19,:,:,:
Kidney,Persons,55-64,Non-standardised,Unstageable,5-years,2013-2017,England,27,:,:,:
Kidney,Persons,65-74,Non-standardised,Unstageable,5-years,2013-2017,England,36,:,:,:
Kidney,Persons,75-99,Non-standardised,Unstageable,5-years,2013-2017,England,24,:,:,:
Kidney,Persons,All ages,Non-standardised,Unstageable,5-years,2013-2017,England,129,38.0,25.2,50.8
Kidney,Persons,All ages,Age-standardised,Unstageable,5-years,2013-2017,England,129,:,:,:
Kidney,Persons,15-44,Non-standardised,Unknown/missing,5-years,2013-2017,England,281,87.5,83.0,91.9
Kidney,Persons,45-54,Non-standardised,Unknown/missing,5-years,2013-2017,England,628,79.5,75.9,83.2
Kidney,Persons,55-64,Non-standardised,Unknown/missing,5-years,2013-2017,England,"1,066",70.0,66.7,73.3
Kidney,Persons,65-74,Non-standardised,Unknown/missing,5-years,2013-2017,England,"1,760",62.4,59.5,65.3
Kidney,Persons,75-99,Non-standardised,Unknown/missing,5-years,2013-2017,England,"3,248",36.6,33.8,39.3
Kidney,Persons,All ages,Non-standardised,Unknown/missing,5-years,2013-2017,England,"6,983",53.9,52.2,55.6
Kidney,Persons,All ages,Age-standardised,Unknown/missing,5-years,2013-2017,England,"6,983",57.8,56.2,59.5
Kidney,Persons,15-44,Non-standardised,All stages combined,5-years,2013-2017,England,"2,296",83.6,81.6,85.5
Kidney,Persons,45-54,Non-standardised,All stages combined,5-years,2013-2017,England,"5,377",78.1,76.6,79.5
Kidney,Persons,55-64,Non-standardised,All stages combined,5-years,2013-2017,England,"9,121",71.6,70.3,72.8
Kidney,Persons,65-74,Non-standardised,All stages combined,5-years,2013-2017,England,"12,773",66.7,65.5,67.9
Kidney,Persons,75-99,Non-standardised,All stages combined,5-years,2013-2017,England,"14,452",47.9,46.3,49.5
Kidney,Persons,All ages,Non-standardised,All stages combined,5-years,2013-2017,England,"44,019",63.7,63.0,64.5
Kidney,Persons,All ages,Age-standardised,All stages combined,5-years,2013-2017,England,"44,019",63.8,63.0,64.5
Kidney and Urinary Tract,Men,15-44,Non-standardised,All stages combined,1-year,2013-2017,England,"1,494",91.1,89.6,92.5
Kidney and Urinary Tract,Men,45-54,Non-standardised,All stages combined,1-year,2013-2017,England,"3,786",87.4,86.3,88.5
Kidney and Urinary Tract,Men,55-64,Non-standardised,All stages combined,1-year,2013-2017,England,"6,628",83.1,82.2,84.0
Kidney and Urinary Tract,Men,65-74,Non-standardised,All stages combined,1-year,2013-2017,England,"9,680",80.6,79.8,81.5
Kidney and Urinary Tract,Men,75-99,Non-standardised,All stages combined,1-year,2013-2017,England,"10,492",66.9,65.9,67.9
Kidney and Urinary Tract,Men,All ages,Non-standardised,All stages combined,1-year,2013-2017,England,"32,080",77.9,77.4,78.4
Kidney and Urinary Tract,Men,All ages,Age-standardised,All stages combined,1-year,2013-2017,England,"32,080",78.3,77.8,78.8
Kidney and Urinary Tract,Men,15-44,Non-standardised,All stages combined,5-years,2013-2017,England,"1,494",81.5,79.0,84.1
Kidney and Urinary Tract,Men,45-54,Non-standardised,All stages combined,5-years,2013-2017,England,"3,786",75.4,73.6,77.1
Kidney and Urinary Tract,Men,55-64,Non-standardised,All stages combined,5-years,2013-2017,England,"6,628",68.5,67.0,70.0
Kidney and Urinary Tract,Men,65-74,Non-standardised,All stages combined,5-years,2013-2017,England,"9,680",62.6,61.1,64.0
Kidney and Urinary Tract,Men,75-99,Non-standardised,All stages combined,5-years,2013-2017,England,"10,492",44.7,42.8,46.6
Kidney and Urinary Tract,Men,All ages,Non-standardised,All stages combined,5-years,2013-2017,England,"32,080",60.2,59.3,61.1
Kidney and Urinary Tract,Men,All ages,Age-standardised,All stages combined,5-years,2013-2017,England,"32,080",60.4,59.4,61.3
Kidney and Urinary Tract,Women,15-44,Non-standardised,All stages combined,1-year,2013-2017,England,870,91.9,90.1,93.7
Kidney and Urinary Tract,Women,45-54,Non-standardised,All stages combined,1-year,2013-2017,England,"1,866",90.0,88.6,91.4
Kidney and Urinary Tract,Women,55-64,Non-standardised,All stages combined,1-year,2013-2017,England,"3,357",86.2,85.0,87.3
Kidney and Urinary Tract,Women,65-74,Non-standardised,All stages combined,1-year,2013-2017,England,"5,279",81.2,80.1,82.3
Kidney and Urinary Tract,Women,75-99,Non-standardised,All stages combined,1-year,2013-2017,England,"7,589",64.3,63.1,65.5
Kidney and Urinary Tract,Women,All ages,Non-standardised,All stages combined,1-year,2013-2017,England,"18,961",76.7,76.0,77.3
Kidney and Urinary Tract,Women,All ages,Age-standardised,All stages combined,1-year,2013-2017,England,"18,961",78.6,78.0,79.2
Kidney and Urinary Tract,Women,15-44,Non-standardised,All stages combined,5-years,2013-2017,England,870,85.3,82.3,88.3
Kidney and Urinary Tract,Women,45-54,Non-standardised,All stages combined,5-years,2013-2017,England,"1,866",80.3,78.0,82.7
Kidney and Urinary Tract,Women,55-64,Non-standardised,All stages combined,5-years,2013-2017,England,"3,357",73.2,71.1,75.2
Kidney and Urinary Tract,Women,65-74,Non-standardised,All stages combined,5-years,2013-2017,England,"5,279",65.2,63.3,67.0
Kidney and Urinary Tract,Women,75-99,Non-standardised,All stages combined,5-years,2013-2017,England,"7,589",44.6,42.4,46.7
Kidney and Urinary Tract,Women,All ages,Non-standardised,All stages combined,5-years,2013-2017,England,"18,961",60.7,59.6,61.8
Kidney and Urinary Tract,Women,All ages,Age-standardised,All stages combined,5-years,2013-2017,England,"18,961",62.6,61.5,63.8
Kidney and Urinary Tract,Persons,15-44,Non-standardised,All stages combined,1-year,2013-2017,England,"2,364",91.4,90.2,92.5
Kidney and Urinary Tract,Persons,45-54,Non-standardised,All stages combined,1-year,2013-2017,England,"5,652",88.3,87.4,89.1
Kidney and Urinary Tract,Persons,55-64,Non-standardised,All stages combined,1-year,2013-2017,England,"9,985",84.1,83.4,84.9
Kidney and Urinary Tract,Persons,65-74,Non-standardised,All stages combined,1-year,2013-2017,England,"14,959",80.8,80.2,81.5
Kidney and Urinary Tract,Persons,75-99,Non-standardised,All stages combined,1-year,2013-2017,England,"18,081",65.8,65.0,66.6
Kidney and Urinary Tract,Persons,All ages,Non-standardised,All stages combined,1-year,2013-2017,England,"51,041",77.5,77.1,77.8
Kidney and Urinary Tract,Persons,All ages,Age-standardised,All stages combined,1-year,2013-2017,England,"51,041",78.3,78.0,78.7
Kidney and Urinary Tract,Persons,15-44,Non-standardised,All stages combined,5-years,2013-2017,England,"2,364",82.9,81.0,84.9
Kidney and Urinary Tract,Persons,45-54,Non-standardised,All stages combined,5-years,2013-2017,England,"5,652",77.0,75.6,78.4
Kidney and Urinary Tract,Persons,55-64,Non-standardised,All stages combined,5-years,2013-2017,England,"9,985",70.1,68.8,71.3
Kidney and Urinary Tract,Persons,65-74,Non-standardised,All stages combined,5-years,2013-2017,England,"14,959",63.5,62.3,64.6
Kidney and Urinary Tract,Persons,75-99,Non-standardised,All stages combined,5-years,2013-2017,England,"18,081",44.6,43.2,46.0
Kidney and Urinary Tract,Persons,All ages,Non-standardised,All stages combined,5-years,2013-2017,England,"51,041",60.4,59.7,61.1
Kidney and Urinary Tract,Persons,All ages,Age-standardised,All stages combined,5-years,2013-2017,England,"51,041",61.1,60.4,61.8
Larynx,Men,15-54,Non-standardised,Stage 1,1-year,2013-2017,England,232,97.7,95.7,99.8
Larynx,Men,55-64,Non-standardised,Stage 1,1-year,2013-2017,England,555,98.9,97.8,100.0
Larynx,Men,65-74,Non-standardised,Stage 1,1-year,2013-2017,England,880,100.0,99.0,100.9
Larynx,Men,75-99,Non-standardised,Stage 1,1-year,2013-2017,England,699,99.1,97.0,101.2
Larynx,Men,All ages,Non-standardised,Stage 1,1-year,2013-2017,England,"2,366",99.3,98.5,100.1
Larynx,Men,All ages,Age-standardised,Stage 1,1-year,2013-2017,England,"2,366",99.0,98.2,99.9
Larynx,Men,15-44,Non-standardised,Stage 2,1-year,2013-2017,England,28,96.5,89.7,103.2
Larynx,Men,45-54,Non-standardised,Stage 2,1-year,2013-2017,England,129,96.4,93.0,99.8
Larynx,Men,55-64,Non-standardised,Stage 2,1-year,2013-2017,England,289,98.5,96.7,100.3
Larynx,Men,65-74,Non-standardised,Stage 2,1-year,2013-2017,England,370,92.9,90.0,95.9
Larynx,Men,75-99,Non-standardised,Stage 2,1-year,2013-2017,England,337,89.5,85.1,93.8
Larynx,Men,All ages,Non-standardised,Stage 2,1-year,2013-2017,England,"1,153",93.8,92.1,95.5
Larynx,Men,All ages,Age-standardised,Stage 2,1-year,2013-2017,England,"1,153",93.8,92.1,95.6
Larynx,Men,15-44,Non-standardised,Stage 3,1-year,2013-2017,England,29,96.7,90.1,103.2
Larynx,Men,45-54,Non-standardised,Stage 3,1-year,2013-2017,England,120,92.9,88.2,97.6
Larynx,Men,55-64,Non-standardised,Stage 3,1-year,2013-2017,England,288,88.0,84.1,91.9
Larynx,Men,65-74,Non-standardised,Stage 3,1-year,2013-2017,England,391,84.6,80.8,88.4
Larynx,Men,75-99,Non-standardised,Stage 3,1-year,2013-2017,England,297,69.2,63.3,75.1
Larynx,Men,All ages,Non-standardised,Stage 3,1-year,2013-2017,England,"1,125",82.6,80.2,85.0
Larynx,Men,All ages,Age-standardised,Stage 3,1-year,2013-2017,England,"1,125",82.2,79.7,84.8
Larynx,Men,15-44,Non-standardised,Stage 4,1-year,2013-2017,England,38,79.1,66.3,91.9
Larynx,Men,45-54,Non-standardised,Stage 4,1-year,2013-2017,England,203,72.7,66.6,78.9
Larynx,Men,55-64,Non-standardised,Stage 4,1-year,2013-2017,England,494,71.7,67.6,75.7
Larynx,Men,65-74,Non-standardised,Stage 4,1-year,2013-2017,England,644,64.3,60.5,68.1
Larynx,Men,75-99,Non-standardised,Stage 4,1-year,2013-2017,England,368,51.2,45.7,56.7
Larynx,Men,All ages,Non-standardised,Stage 4,1-year,2013-2017,England,"1,747",64.9,62.6,67.3
Larynx,Men,All ages,Age-standardised,Stage 4,1-year,2013-2017,England,"1,747",63.5,61.0,66.2
Larynx,Men,15-44,Non-standardised,Unstageable,1-year,2013-2017,England,15,73.5,51.9,95.1
Larynx,Men,45-54,Non-standardised,Unstageable,1-year,2013-2017,England,48,83.0,72.2,93.8
Larynx,Men,55-64,Non-standardised,Unstageable,1-year,2013-2017,England,99,65.2,55.8,74.6
Larynx,Men,65-74,Non-standardised,Unstageable,1-year,2013-2017,England,159,62.7,55.0,70.4
Larynx,Men,75-99,Non-standardised,Unstageable,1-year,2013-2017,England,174,44.6,36.7,52.5
Larynx,Men,All ages,Non-standardised,Unstageable,1-year,2013-2017,England,495,59.1,54.6,63.6
Larynx,Men,All ages,Age-standardised,Unstageable,1-year,2013-2017,England,495,59.9,55.6,64.6
Larynx,Men,15-54,Non-standardised,Unknown/missing,1-year,2013-2017,England,57,80.6,70.3,91.0
Larynx,Men,55-64,Non-standardised,Unknown/missing,1-year,2013-2017,England,152,88.8,83.6,94.0
Larynx,Men,65-74,Non-standardised,Unknown/missing,1-year,2013-2017,England,222,87.6,83.0,92.2
Larynx,Men,75-99,Non-standardised,Unknown/missing,1-year,2013-2017,England,207,69.4,62.4,76.4
Larynx,Men,All ages,Non-standardised,Unknown/missing,1-year,2013-2017,England,638,81.4,78.1,84.7
Larynx,Men,All ages,Age-standardised,Unknown/missing,1-year,2013-2017,England,638,80.9,77.4,84.4
Larynx,Men,15-44,Non-standardised,All stages combined,1-year,2013-2017,England,138,90.0,85.0,95.0
Larynx,Men,45-54,Non-standardised,All stages combined,1-year,2013-2017,England,761,87.8,85.4,90.2
Larynx,Men,55-64,Non-standardised,All stages combined,1-year,2013-2017,England,"1,877",87.5,85.9,89.0
Larynx,Men,65-74,Non-standardised,All stages combined,1-year,2013-2017,England,"2,666",84.9,83.4,86.3
Larynx,Men,75-99,Non-standardised,All stages combined,1-year,2013-2017,England,"2,082",77.3,75.3,79.4
Larynx,Men,All ages,Non-standardised,All stages combined,1-year,2013-2017,England,"7,524",83.8,82.9,84.7
Larynx,Men,All ages,Age-standardised,All stages combined,1-year,2013-2017,England,"7,524",83.9,82.9,84.8
Larynx,Men,15-54,Non-standardised,Stage 1,5-years,2013-2017,England,232,87.5,80.6,94.3
Larynx,Men,55-64,Non-standardised,Stage 1,5-years,2013-2017,England,555,87.6,82.9,92.2
Larynx,Men,65-74,Non-standardised,Stage 1,5-years,2013-2017,England,880,91.9,87.6,96.2
Larynx,Men,75-99,Non-standardised,Stage 1,5-years,2013-2017,England,699,87.5,78.5,96.4
Larynx,Men,All ages,Non-standardised,Stage 1,5-years,2013-2017,England,"2,366",89.1,85.8,92.4
Larynx,Men,All ages,Age-standardised,Stage 1,5-years,2013-2017,England,"2,366",88.8,85.5,92.2
Larynx,Men,15-54,Non-standardised,Stage 2,5-years,2013-2017,England,157,75.3,65.2,85.4
Larynx,Men,55-64,Non-standardised,Stage 2,5-years,2013-2017,England,289,73.2,63.9,82.5
Larynx,Men,65-74,Non-standardised,Stage 2,5-years,2013-2017,England,370,68.0,60.0,76.0
Larynx,Men,75-99,Non-standardised,Stage 2,5-years,2013-2017,England,337,60.9,50.0,71.8
Larynx,Men,All ages,Non-standardised,Stage 2,5-years,2013-2017,England,"1,153",68.1,63.0,73.1
Larynx,Men,All ages,Age-standardised,Stage 2,5-years,2013-2017,England,"1,153",68.3,63.5,73.5
Larynx,Men,15-54,Non-standardised,Stage 3,5-years,2013-2017,England,149,74.9,66.1,83.8
Larynx,Men,55-64,Non-standardised,Stage 3,5-years,2013-2017,England,288,62.9,55.2,70.6
Larynx,Men,65-74,Non-standardised,Stage 3,5-years,2013-2017,England,391,60.5,53.6,67.3
Larynx,Men,75-99,Non-standardised,Stage 3,5-years,2013-2017,England,297,42.8,32.0,53.5
Larynx,Men,All ages,Non-standardised,Stage 3,5-years,2013-2017,England,"1,125",58.3,53.7,62.8
Larynx,Men,All ages,Age-standardised,Stage 3,5-years,2013-2017,England,"1,125",57.5,52.7,62.7
Larynx,Men,15-44,Non-standardised,Stage 4,5-years,2013-2017,England,38,:,:,:
Larynx,Men,45-54,Non-standardised,Stage 4,5-years,2013-2017,England,203,:,:,:
Larynx,Men,55-64,Non-standardised,Stage 4,5-years,2013-2017,England,494,39.1,33.3,44.9
Larynx,Men,65-74,Non-standardised,Stage 4,5-years,2013-2017,England,644,33.7,28.4,39.1
Larynx,Men,75-99,Non-standardised,Stage 4,5-years,2013-2017,England,368,18.3,11.5,25.2
Larynx,Men,All ages,Non-standardised,Stage 4,5-years,2013-2017,England,"1,747",33.7,30.4,36.9
Larynx,Men,All ages,Age-standardised,Stage 4,5-years,2013-2017,England,"1,747",:,:,:
Larynx,Men,15-44,Non-standardised,Unstageable,5-years,2013-2017,England,15,:,:,:
Larynx,Men,45-54,Non-standardised,Unstageable,5-years,2013-2017,England,48,:,:,:
Larynx,Men,55-64,Non-standardised,Unstageable,5-years,2013-2017,England,99,50.7,39.2,62.2
Larynx,Men,65-74,Non-standardised,Unstageable,5-years,2013-2017,England,159,38.4,29.2,47.6
Larynx,Men,75-99,Non-standardised,Unstageable,5-years,2013-2017,England,174,33.2,22.9,43.5
Larynx,Men,All ages,Non-standardised,Unstageable,5-years,2013-2017,England,495,42.9,37.3,48.6
Larynx,Men,All ages,Age-standardised,Unstageable,5-years,2013-2017,England,495,:,:,:
Larynx,Men,15-44,Non-standardised,Unknown/missing,5-years,2013-2017,England,7,:,:,:
Larynx,Men,45-54,Non-standardised,Unknown/missing,5-years,2013-2017,England,50,:,:,:
Larynx,Men,55-64,Non-standardised,Unknown/missing,5-years,2013-2017,England,152,69.0,59.6,78.4
Larynx,Men,65-74,Non-standardised,Unknown/missing,5-years,2013-2017,England,222,72.6,64.7,80.5
Larynx,Men,75-99,Non-standardised,Unknown/missing,5-years,2013-2017,England,207,65.6,53.4,77.7
Larynx,Men,All ages,Non-standardised,Unknown/missing,5-years,2013-2017,England,638,69.1,63.7,74.5
Larynx,Men,All ages,Age-standardised,Unknown/missing,5-years,2013-2017,England,638,:,:,:
Larynx,Men,15-54,Non-standardised,All stages combined,5-years,2013-2017,England,899,69.9,66.0,73.8
Larynx,Men,55-64,Non-standardised,All stages combined,5-years,2013-2017,England,"1,877",65.3,62.2,68.4
Larynx,Men,65-74,Non-standardised,All stages combined,5-years,2013-2017,England,"2,666",65.1,62.4,67.8
Larynx,Men,75-99,Non-standardised,All stages combined,5-years,2013-2017,England,"2,082",58.3,53.9,62.6
Larynx,Men,All ages,Non-standardised,All stages combined,5-years,2013-2017,England,"7,524",63.8,62.1,65.6
Larynx,Men,All ages,Age-standardised,All stages combined,5-years,2013-2017,England,"7,524",63.9,62.1,65.8
Leukaemia,Men,15-44,Non-standardised,All stages combined,1-year,2013-2017,England,"1,877",89.0,87.6,90.5
Leukaemia,Men,45-54,Non-standardised,All stages combined,1-year,2013-2017,England,"1,951",87.6,86.2,89.1
Leukaemia,Men,55-64,Non-standardised,All stages combined,1-year,2013-2017,England,"3,956",84.2,83.1,85.4
Leukaemia,Men,65-74,Non-standardised,All stages combined,1-year,2013-2017,England,"6,912",75.1,74.0,76.1
Leukaemia,Men,75-99,Non-standardised,All stages combined,1-year,2013-2017,England,"9,109",56.3,55.2,57.4
Leukaemia,Men,All ages,Non-standardised,All stages combined,1-year,2013-2017,England,"23,805",71.5,70.9,72.1
Leukaemia,Men,All ages,Age-standardised,All stages combined,1-year,2013-2017,England,"23,805",73.1,72.5,73.7
Leukaemia,Men,15-44,Non-standardised,All stages combined,5-years,2013-2017,England,"1,877",75.3,73.0,77.7
Leukaemia,Men,45-54,Non-standardised,All stages combined,5-years,2013-2017,England,"1,951",77.1,74.8,79.4
Leukaemia,Men,55-64,Non-standardised,All stages combined,5-years,2013-2017,England,"3,956",69.4,67.5,71.3
Leukaemia,Men,65-74,Non-standardised,All stages combined,5-years,2013-2017,England,"6,912",55.7,54.0,57.3
Leukaemia,Men,75-99,Non-standardised,All stages combined,5-years,2013-2017,England,"9,109",33.0,31.2,34.9
Leukaemia,Men,All ages,Non-standardised,All stages combined,5-years,2013-2017,England,"23,805",52.5,51.5,53.5
Leukaemia,Men,All ages,Age-standardised,All stages combined,5-years,2013-2017,England,"23,805",53.5,52.4,54.6
Leukaemia,Women,15-44,Non-standardised,All stages combined,1-year,2013-2017,England,"1,285",85.9,84.0,87.8
Leukaemia,Women,45-54,Non-standardised,All stages combined,1-year,2013-2017,England,"1,294",85.0,83.1,87.0
Leukaemia,Women,55-64,Non-standardised,All stages combined,1-year,2013-2017,England,"2,379",82.6,81.1,84.1
Leukaemia,Women,65-74,Non-standardised,All stages combined,1-year,2013-2017,England,"4,115",74.5,73.2,75.9
Leukaemia,Women,75-99,Non-standardised,All stages combined,1-year,2013-2017,England,"6,656",54.4,53.1,55.6
Leukaemia,Women,All ages,Non-standardised,All stages combined,1-year,2013-2017,England,"15,729",69.0,68.2,69.8
Leukaemia,Women,All ages,Age-standardised,All stages combined,1-year,2013-2017,England,"15,729",71.5,70.7,72.2
Leukaemia,Women,15-44,Non-standardised,All stages combined,5-years,2013-2017,England,"1,285",71.8,69.0,74.6
Leukaemia,Women,45-54,Non-standardised,All stages combined,5-years,2013-2017,England,"1,294",72.7,69.9,75.4
Leukaemia,Women,55-64,Non-standardised,All stages combined,5-years,2013-2017,England,"2,379",68.6,66.3,70.9
Leukaemia,Women,65-74,Non-standardised,All stages combined,5-years,2013-2017,England,"4,115",58.5,56.5,60.6
Leukaemia,Women,75-99,Non-standardised,All stages combined,5-years,2013-2017,England,"6,656",33.0,30.9,35.0
Leukaemia,Women,All ages,Non-standardised,All stages combined,5-years,2013-2017,England,"15,729",51.5,50.3,52.7
Leukaemia,Women,All ages,Age-standardised,All stages combined,5-years,2013-2017,England,"15,729",53.5,52.3,54.7
Leukaemia,Persons,15-44,Non-standardised,All stages combined,1-year,2013-2017,England,"3,162",87.8,86.6,88.9
Leukaemia,Persons,45-54,Non-standardised,All stages combined,1-year,2013-2017,England,"3,245",86.6,85.4,87.8
Leukaemia,Persons,55-64,Non-standardised,All stages combined,1-year,2013-2017,England,"6,335",83.6,82.7,84.5
Leukaemia,Persons,65-74,Non-standardised,All stages combined,1-year,2013-2017,England,"11,027",74.9,74.0,75.7
Leukaemia,Persons,75-99,Non-standardised,All stages combined,1-year,2013-2017,England,"15,765",55.5,54.6,56.3
Leukaemia,Persons,All ages,Non-standardised,All stages combined,1-year,2013-2017,England,"39,534",70.5,70.1,71.0
Leukaemia,Persons,All ages,Age-standardised,All stages combined,1-year,2013-2017,England,"39,534",72.4,72.0,72.9
Leukaemia,Persons,15-44,Non-standardised,All stages combined,5-years,2013-2017,England,"3,162",73.9,72.1,75.7
Leukaemia,Persons,45-54,Non-standardised,All stages combined,5-years,2013-2017,England,"3,245",75.4,73.6,77.2
Leukaemia,Persons,55-64,Non-standardised,All stages combined,5-years,2013-2017,England,"6,335",69.1,67.6,70.6
Leukaemia,Persons,65-74,Non-standardised,All stages combined,5-years,2013-2017,England,"11,027",56.7,55.4,58.0
Leukaemia,Persons,75-99,Non-standardised,All stages combined,5-years,2013-2017,England,"15,765",33.0,31.6,34.4
Leukaemia,Persons,All ages,Non-standardised,All stages combined,5-years,2013-2017,England,"39,534",52.1,51.3,52.9
Leukaemia,Persons,All ages,Age-standardised,All stages combined,5-years,2013-2017,England,"39,534",53.5,52.7,54.3
Liver,Men,15-54,Non-standardised,Stage 1,1-year,2013-2017,England,135,88.3,82.8,93.8
Liver,Men,55-64,Non-standardised,Stage 1,1-year,2013-2017,England,264,84.0,79.5,88.5
Liver,Men,65-74,Non-standardised,Stage 1,1-year,2013-2017,England,343,83.1,78.9,87.2
Liver,Men,75-99,Non-standardised,Stage 1,1-year,2013-2017,England,296,63.9,58.0,69.9
Liver,Men,All ages,Non-standardised,Stage 1,1-year,2013-2017,England,"1,038",78.5,75.9,81.2
Liver,Men,All ages,Age-standardised,Stage 1,1-year,2013-2017,England,"1,038",78.1,75.4,80.9
Liver,Men,15-44,Non-standardised,Stage 2,1-year,2013-2017,England,38,86.9,76.3,97.5
Liver,Men,45-54,Non-standardised,Stage 2,1-year,2013-2017,England,120,73.6,65.7,81.5
Liver,Men,55-64,Non-standardised,Stage 2,1-year,2013-2017,England,303,76.5,71.6,81.4
Liver,Men,65-74,Non-standardised,Stage 2,1-year,2013-2017,England,417,73.0,68.6,77.5
Liver,Men,75-99,Non-standardised,Stage 2,1-year,2013-2017,England,348,64.3,58.9,69.8
Liver,Men,All ages,Non-standardised,Stage 2,1-year,2013-2017,England,"1,226",71.9,69.3,74.6
Liver,Men,All ages,Age-standardised,Stage 2,1-year,2013-2017,England,"1,226",72.1,69.5,74.8
Liver,Men,15-54,Non-standardised,Stage 3,1-year,2013-2017,England,98,43.0,33.3,52.7
Liver,Men,55-64,Non-standardised,Stage 3,1-year,2013-2017,England,232,47.0,40.5,53.4
Liver,Men,65-74,Non-standardised,Stage 3,1-year,2013-2017,England,373,39.2,34.2,44.3
Liver,Men,75-99,Non-standardised,Stage 3,1-year,2013-2017,England,442,34.2,29.5,38.8
Liver,Men,All ages,Non-standardised,Stage 3,1-year,2013-2017,England,"1,145",39.2,36.3,42.1
Liver,Men,All ages,Age-standardised,Stage 3,1-year,2013-2017,England,"1,145",40.0,37.0,43.1
Liver,Men,15-44,Non-standardised,Stage 4,1-year,2013-2017,England,109,34.4,25.5,43.3
Liver,Men,45-54,Non-standardised,Stage 4,1-year,2013-2017,England,270,29.4,23.9,34.8
Liver,Men,55-64,Non-standardised,Stage 4,1-year,2013-2017,England,725,23.0,19.9,26.0
Liver,Men,65-74,Non-standardised,Stage 4,1-year,2013-2017,England,"1,157",19.9,17.6,22.2
Liver,Men,75-99,Non-standardised,Stage 4,1-year,2013-2017,England,"1,382",12.9,11.1,14.8
Liver,Men,All ages,Non-standardised,Stage 4,1-year,2013-2017,England,"3,643",19.0,17.7,20.3
Liver,Men,All ages,Age-standardised,Stage 4,1-year,2013-2017,England,"3,643",19.8,18.5,21.1
Liver,Men,15-44,Non-standardised,Unstageable,1-year,2013-2017,England,34,64.8,49.0,80.5
Liver,Men,45-54,Non-standardised,Unstageable,1-year,2013-2017,England,52,42.5,29.2,55.7
Liver,Men,55-64,Non-standardised,Unstageable,1-year,2013-2017,England,106,43.7,34.3,53.2
Liver,Men,65-74,Non-standardised,Unstageable,1-year,2013-2017,England,216,34.7,28.3,41.1
Liver,Men,75-99,Non-standardised,Unstageable,1-year,2013-2017,England,377,19.6,15.4,23.7
Liver,Men,All ages,Non-standardised,Unstageable,1-year,2013-2017,England,785,30.4,27.1,33.7
Liver,Men,All ages,Age-standardised,Unstageable,1-year,2013-2017,England,785,33.2,29.9,36.8
Liver,Men,15-44,Non-standardised,Unknown/missing,1-year,2013-2017,England,143,54.3,46.2,62.5
Liver,Men,45-54,Non-standardised,Unknown/missing,1-year,2013-2017,England,487,51.8,47.3,56.2
Liver,Men,55-64,Non-standardised,Unknown/missing,1-year,2013-2017,England,"1,516",46.9,44.4,49.4
Liver,Men,65-74,Non-standardised,Unknown/missing,1-year,2013-2017,England,"2,255",39.9,37.8,41.9
Liver,Men,75-99,Non-standardised,Unknown/missing,1-year,2013-2017,England,"3,178",29.0,27.4,30.7
Liver,Men,All ages,Non-standardised,Unknown/missing,1-year,2013-2017,England,"7,579",37.8,36.6,38.9
Liver,Men,All ages,Age-standardised,Unknown/missing,1-year,2013-2017,England,"7,579",39.8,38.7,41.0
Liver,Men,15-44,Non-standardised,All stages combined,1-year,2013-2017,England,370,54.7,49.6,59.8
Liver,Men,45-54,Non-standardised,All stages combined,1-year,2013-2017,England,"1,116",51.1,48.2,54.0
Liver,Men,55-64,Non-standardised,All stages combined,1-year,2013-2017,England,"3,146",47.2,45.5,49.0
Liver,Men,65-74,Non-standardised,All stages combined,1-year,2013-2017,England,"4,761",40.8,39.3,42.2
Liver,Men,75-99,Non-standardised,All stages combined,1-year,2013-2017,England,"6,023",28.9,27.7,30.1
Liver,Men,All ages,Non-standardised,All stages combined,1-year,2013-2017,England,"15,416",38.5,37.7,39.3
Liver,Men,All ages,Age-standardised,All stages combined,1-year,2013-2017,England,"15,416",40.0,39.2,40.8
Liver,Men,15-44,Non-standardised,Stage 1,5-years,2013-2017,England,21,:,:,:
Liver,Men,45-54,Non-standardised,Stage 1,5-years,2013-2017,England,114,:,:,:
Liver,Men,55-64,Non-standardised,Stage 1,5-years,2013-2017,England,264,46.7,36.2,57.2
Liver,Men,65-74,Non-standardised,Stage 1,5-years,2013-2017,England,343,50.8,42.5,59.2
Liver,Men,75-99,Non-standardised,Stage 1,5-years,2013-2017,England,296,:,:,:
Liver,Men,All ages,Non-standardised,Stage 1,5-years,2013-2017,England,"1,038",40.9,34.1,47.7
Liver,Men,All ages,Age-standardised,Stage 1,5-years,2013-2017,England,"1,038",:,:,:
Liver,Men,15-54,Non-standardised,Stage 2,5-years,2013-2017,England,158,43.1,31.3,54.9
Liver,Men,55-64,Non-standardised,Stage 2,5-years,2013-2017,England,303,41.0,32.7,49.3
Liver,Men,65-74,Non-standardised,Stage 2,5-years,2013-2017,England,417,37.8,30.6,44.9
Liver,Men,75-99,Non-standardised,Stage 2,5-years,2013-2017,England,348,23.8,15.1,32.5
Liver,Men,All ages,Non-standardised,Stage 2,5-years,2013-2017,England,"1,226",35.0,30.5,39.5
Liver,Men,All ages,Age-standardised,Stage 2,5-years,2013-2017,England,"1,226",34.5,30.1,39.6
Liver,Men,15-44,Non-standardised,Stage 3,5-years,2013-2017,England,25,:,:,:
Liver,Men,45-54,Non-standardised,Stage 3,5-years,2013-2017,England,73,:,:,:
Liver,Men,55-64,Non-standardised,Stage 3,5-years,2013-2017,England,232,:,:,:
Liver,Men,65-74,Non-standardised,Stage 3,5-years,2013-2017,England,373,:,:,:
Liver,Men,75-99,Non-standardised,Stage 3,5-years,2013-2017,England,442,:,:,:
Liver,Men,All ages,Non-standardised,Stage 3,5-years,2013-2017,England,"1,145",9.8,6.9,12.6
Liver,Men,All ages,Age-standardised,Stage 3,5-years,2013-2017,England,"1,145",:,:,:
Liver,Men,15-44,Non-standardised,Stage 4,5-years,2013-2017,England,109,:,:,:
Liver,Men,45-54,Non-standardised,Stage 4,5-years,2013-2017,England,270,:,:,:
Liver,Men,55-64,Non-standardised,Stage 4,5-years,2013-2017,England,725,:,:,:
Liver,Men,65-74,Non-standardised,Stage 4,5-years,2013-2017,England,"1,157",:,:,:
Liver,Men,75-99,Non-standardised,Stage 4,5-years,2013-2017,England,"1,382",:,:,:
Liver,Men,All ages,Non-standardised,Stage 4,5-years,2013-2017,England,"3,643",4.1,3.2,5.0
Liver,Men,All ages,Age-standardised,Stage 4,5-years,2013-2017,England,"3,643",:,:,:
Liver,Men,15-44,Non-standardised,Unstageable,5-years,2013-2017,England,34,:,:,:
Liver,Men,45-54,Non-standardised,Unstageable,5-years,2013-2017,England,52,:,:,:
Liver,Men,55-64,Non-standardised,Unstageable,5-years,2013-2017,England,106,27.2,18.1,36.4
Liver,Men,65-74,Non-standardised,Unstageable,5-years,2013-2017,England,216,:,:,:
Liver,Men,75-99,Non-standardised,Unstageable,5-years,2013-2017,England,377,:,:,:
Liver,Men,All ages,Non-standardised,Unstageable,5-years,2013-2017,England,785,12.6,9.6,15.6
Liver,Men,All ages,Age-standardised,Unstageable,5-years,2013-2017,England,785,:,:,:
Liver,Men,15-44,Non-standardised,Unknown/missing,5-years,2013-2017,England,143,36.9,27.9,45.8
Liver,Men,45-54,Non-standardised,Unknown/missing,5-years,2013-2017,England,487,24.7,20.3,29.0
Liver,Men,55-64,Non-standardised,Unknown/missing,5-years,2013-2017,England,"1,516",20.9,18.5,23.3
Liver,Men,65-74,Non-standardised,Unknown/missing,5-years,2013-2017,England,"2,255",11.0,9.1,12.8
Liver,Men,75-99,Non-standardised,Unknown/missing,5-years,2013-2017,England,"3,178",5.7,4.4,7.1
Liver,Men,All ages,Non-standardised,Unknown/missing,5-years,2013-2017,England,"7,579",12.3,11.3,13.4
Liver,Men,All ages,Age-standardised,Unknown/missing,5-years,2013-2017,England,"7,579",12.7,11.5,13.9
Liver,Men,15-44,Non-standardised,All stages combined,5-years,2013-2017,England,370,37.0,31.1,42.9
Liver,Men,45-54,Non-standardised,All stages combined,5-years,2013-2017,England,"1,116",24.2,21.2,27.3
Liver,Men,55-64,Non-standardised,All stages combined,5-years,2013-2017,England,"3,146",21.1,19.3,22.9
Liver,Men,65-74,Non-standardised,All stages combined,5-years,2013-2017,England,"4,761",13.0,11.5,14.5
Liver,Men,75-99,Non-standardised,All stages combined,5-years,2013-2017,England,"6,023",6.4,5.2,7.6
Liver,Men,All ages,Non-standardised,All stages combined,5-years,2013-2017,England,"15,416",13.6,12.7,14.4
Liver,Men,All ages,Age-standardised,All stages combined,5-years,2013-2017,England,"15,416",13.7,12.8,14.7
Liver,Women,15-44,Non-standardised,Stage 1,1-year,2013-2017,England,14,92.9,79.9,105.9
Liver,Women,45-54,Non-standardised,Stage 1,1-year,2013-2017,England,38,92.3,83.8,100.7
Liver,Women,55-64,Non-standardised,Stage 1,1-year,2013-2017,England,84,91.0,84.7,97.2
Liver,Women,65-74,Non-standardised,Stage 1,1-year,2013-2017,England,116,76.6,68.7,84.6
Liver,Women,75-99,Non-standardised,Stage 1,1-year,2013-2017,England,131,58.6,49.7,67.5
Liver,Women,All ages,Non-standardised,Stage 1,1-year,2013-2017,England,383,75.7,71.3,80.2
Liver,Women,All ages,Age-standardised,Stage 1,1-year,2013-2017,England,383,76.4,72.2,80.9
Liver,Women,15-44,Non-standardised,Stage 2,1-year,2013-2017,England,16,100.0,100.0,100.0
Liver,Women,45-54,Non-standardised,Stage 2,1-year,2013-2017,England,28,89.4,78.2,100.7
Liver,Women,55-64,Non-standardised,Stage 2,1-year,2013-2017,England,85,73.3,63.9,82.7
Liver,Women,65-74,Non-standardised,Stage 2,1-year,2013-2017,England,143,68.1,60.3,75.8
Liver,Women,75-99,Non-standardised,Stage 2,1-year,2013-2017,England,181,46.4,38.8,54.0
Liver,Women,All ages,Non-standardised,Stage 2,1-year,2013-2017,England,453,62.8,58.2,67.4
Liver,Women,All ages,Age-standardised,Stage 2,1-year,2013-2017,England,453,65.8,61.5,70.3
Liver,Women,15-54,Non-standardised,Stage 3,1-year,2013-2017,England,32,56.3,39.5,73.1
Liver,Women,55-64,Non-standardised,Stage 3,1-year,2013-2017,England,68,44.4,32.7,56.1
Liver,Women,65-74,Non-standardised,Stage 3,1-year,2013-2017,England,104,47.7,38.1,57.4
Liver,Women,75-99,Non-standardised,Stage 3,1-year,2013-2017,England,156,21.5,14.9,28.1
Liver,Women,All ages,Non-standardised,Stage 3,1-year,2013-2017,England,360,36.5,31.5,41.6
Liver,Women,All ages,Age-standardised,Stage 3,1-year,2013-2017,England,360,38.4,33.6,44.0
Liver,Women,15-44,Non-standardised,Stage 4,1-year,2013-2017,England,73,41.1,30.0,52.3
Liver,Women,45-54,Non-standardised,Stage 4,1-year,2013-2017,England,185,35.8,28.9,42.6
Liver,Women,55-64,Non-standardised,Stage 4,1-year,2013-2017,England,397,26.6,22.2,30.9
Liver,Women,65-74,Non-standardised,Stage 4,1-year,2013-2017,England,766,23.1,20.1,26.1
Liver,Women,75-99,Non-standardised,Stage 4,1-year,2013-2017,England,"1,160",9.9,8.1,11.7
Liver,Women,All ages,Non-standardised,Stage 4,1-year,2013-2017,England,"2,581",19.1,17.6,20.7
Liver,Women,All ages,Age-standardised,Stage 4,1-year,2013-2017,England,"2,581",20.5,18.9,22.2
Liver,Women,15-44,Non-standardised,Unstageable,1-year,2013-2017,England,24,78.3,61.8,94.7
Liver,Women,45-54,Non-standardised,Unstageable,1-year,2013-2017,England,39,43.7,28.5,58.9
Liver,Women,55-64,Non-standardised,Unstageable,1-year,2013-2017,England,61,36.3,24.4,48.1
Liver,Women,65-74,Non-standardised,Unstageable,1-year,2013-2017,England,123,42.7,33.9,51.5
Liver,Women,75-99,Non-standardised,Unstageable,1-year,2013-2017,England,272,18.8,14.0,23.6
Liver,Women,All ages,Non-standardised,Unstageable,1-year,2013-2017,England,519,31.0,26.9,35.1
Liver,Women,All ages,Age-standardised,Unstageable,1-year,2013-2017,England,519,33.9,29.8,38.6
Liver,Women,15-44,Non-standardised,Unknown/missing,1-year,2013-2017,England,64,70.4,59.3,81.4
Liver,Women,45-54,Non-standardised,Unknown/missing,1-year,2013-2017,England,164,53.2,45.6,60.8
Liver,Women,55-64,Non-standardised,Unknown/missing,1-year,2013-2017,England,435,47.4,42.7,52.1
Liver,Women,65-74,Non-standardised,Unknown/missing,1-year,2013-2017,England,912,35.0,31.8,38.1
Liver,Women,75-99,Non-standardised,Unknown/missing,1-year,2013-2017,England,"2,364",20.7,19.0,22.4
Liver,Women,All ages,Non-standardised,Unknown/missing,1-year,2013-2017,England,"3,939",29.1,27.6,30.5
Liver,Women,All ages,Age-standardised,Unknown/missing,1-year,2013-2017,England,"3,939",35.6,33.9,37.3
Liver,Women,15-44,Non-standardised,All stages combined,1-year,2013-2017,England,205,65.3,58.7,71.8
Liver,Women,45-54,Non-standardised,All stages combined,1-year,2013-2017,England,472,50.3,45.8,54.8
Liver,Women,55-64,Non-standardised,All stages combined,1-year,2013-2017,England,"1,130",44.5,41.6,47.4
Liver,Women,65-74,Non-standardised,All stages combined,1-year,2013-2017,England,"2,164",36.2,34.2,38.3
Liver,Women,75-99,Non-standardised,All stages combined,1-year,2013-2017,England,"4,264",19.9,18.7,21.2
Liver,Women,All ages,Non-standardised,All stages combined,1-year,2013-2017,England,"8,235",30.4,29.4,31.5
Liver,Women,All ages,Age-standardised,All stages combined,1-year,2013-2017,England,"8,235",34.6,33.5,35.7
Liver,Women,15-44,Non-standardised,Stage 1,5-years,2013-2017,England,14,:,:,:
Liver,Women,45-54,Non-standardised,Stage 1,5-years,2013-2017,England,38,:,:,:
Liver,Women,55-64,Non-standardised,Stage 1,5-years,2013-2017,England,84,:,:,:
Liver,Women,65-74,Non-standardised,Stage 1,5-years,2013-2017,England,116,:,:,:
Liver,Women,75-99,Non-standardised,Stage 1,5-years,2013-2017,England,131,:,:,:
Liver,Women,All ages,Non-standardised,Stage 1,5-years,2013-2017,England,383,46.2,36.9,55.5
Liver,Women,All ages,Age-standardised,Stage 1,5-years,2013-2017,England,383,:,:,:
Liver,Women,15-44,Non-standardised,Stage 2,5-years,2013-2017,England,16,:,:,:
Liver,Women,45-54,Non-standardised,Stage 2,5-years,2013-2017,England,28,:,:,:
Liver,Women,55-64,Non-standardised,Stage 2,5-years,2013-2017,England,85,:,:,:
Liver,Women,65-74,Non-standardised,Stage 2,5-years,2013-2017,England,143,:,:,:
Liver,Women,75-99,Non-standardised,Stage 2,5-years,2013-2017,England,181,:,:,:
Liver,Women,All ages,Non-standardised,Stage 2,5-years,2013-2017,England,453,32.5,25.7,39.2
Liver,Women,All ages,Age-standardised,Stage 2,5-years,2013-2017,England,453,:,:,:
Liver,Women,15-44,Non-standardised,Stage 3,5-years,2013-2017,England,14,:,:,:
Liver,Women,45-54,Non-standardised,Stage 3,5-years,2013-2017,England,18,:,:,:
Liver,Women,55-64,Non-standardised,Stage 3,5-years,2013-2017,England,68,:,:,:
Liver,Women,65-74,Non-standardised,Stage 3,5-years,2013-2017,England,104,:,:,:
Liver,Women,75-99,Non-standardised,Stage 3,5-years,2013-2017,England,156,:,:,:
Liver,Women,All ages,Non-standardised,Stage 3,5-years,2013-2017,England,360,:,:,:
Liver,Women,All ages,Age-standardised,Stage 3,5-years,2013-2017,England,360,:,:,:
Liver,Women,15-44,Non-standardised,Stage 4,5-years,2013-2017,England,73,:,:,:
Liver,Women,45-54,Non-standardised,Stage 4,5-years,2013-2017,England,185,:,:,:
Liver,Women,55-64,Non-standardised,Stage 4,5-years,2013-2017,England,397,:,:,:
Liver,Women,65-74,Non-standardised,Stage 4,5-years,2013-2017,England,766,:,:,:
Liver,Women,75-99,Non-standardised,Stage 4,5-years,2013-2017,England,"1,160",:,:,:
Liver,Women,All ages,Non-standardised,Stage 4,5-years,2013-2017,England,"2,581",:,:,:
Liver,Women,All ages,Age-standardised,Stage 4,5-years,2013-2017,England,"2,581",:,:,:
Liver,Women,15-44,Non-standardised,Unstageable,5-years,2013-2017,England,24,:,:,:
Liver,Women,45-54,Non-standardised,Unstageable,5-years,2013-2017,England,39,:,:,:
Liver,Women,55-64,Non-standardised,Unstageable,5-years,2013-2017,England,61,:,:,:
Liver,Women,65-74,Non-standardised,Unstageable,5-years,2013-2017,England,123,:,:,:
Liver,Women,75-99,Non-standardised,Unstageable,5-years,2013-2017,England,272,:,:,:
Liver,Women,All ages,Non-standardised,Unstageable,5-years,2013-2017,England,519,14.5,10.5,18.4
Liver,Women,All ages,Age-standardised,Unstageable,5-years,2013-2017,England,519,:,:,:
Liver,Women,15-44,Non-standardised,Unknown/missing,5-years,2013-2017,England,64,:,:,:
Liver,Women,45-54,Non-standardised,Unknown/missing,5-years,2013-2017,England,164,25.0,17.5,32.5
Liver,Women,55-64,Non-standardised,Unknown/missing,5-years,2013-2017,England,435,16.1,12.0,20.2
Liver,Women,65-74,Non-standardised,Unknown/missing,5-years,2013-2017,England,912,11.6,9.0,14.2
Liver,Women,75-99,Non-standardised,Unknown/missing,5-years,2013-2017,England,"2,364",:,:,:
Liver,Women,All ages,Non-standardised,Unknown/missing,5-years,2013-2017,England,"3,939",8.1,6.9,9.3
Liver,Women,All ages,Age-standardised,Unknown/missing,5-years,2013-2017,England,"3,939",:,:,:
Liver,Women,15-54,Non-standardised,All stages combined,5-years,2013-2017,England,677,26.1,22.0,30.1
Liver,Women,55-64,Non-standardised,All stages combined,5-years,2013-2017,England,"1,130",15.4,12.5,18.2
Liver,Women,65-74,Non-standardised,All stages combined,5-years,2013-2017,England,"2,164",11.4,9.5,13.2
Liver,Women,75-99,Non-standardised,All stages combined,5-years,2013-2017,England,"4,264",4.2,3.1,5.3
Liver,Women,All ages,Non-standardised,All stages combined,5-years,2013-2017,England,"8,235",9.4,8.5,10.4
Liver,Women,All ages,Age-standardised,All stages combined,5-years,2013-2017,England,"8,235",10.7,9.6,11.8
Liver,Persons,15-44,Non-standardised,Stage 1,1-year,2013-2017,England,35,94.4,86.8,101.9
Liver,Persons,45-54,Non-standardised,Stage 1,1-year,2013-2017,England,152,88.3,83.1,93.5
Liver,Persons,55-64,Non-standardised,Stage 1,1-year,2013-2017,England,348,85.7,81.9,89.4
Liver,Persons,65-74,Non-standardised,Stage 1,1-year,2013-2017,England,459,81.5,77.8,85.2
Liver,Persons,75-99,Non-standardised,Stage 1,1-year,2013-2017,England,427,62.3,57.3,67.2
Liver,Persons,All ages,Non-standardised,Stage 1,1-year,2013-2017,England,"1,421",77.8,75.5,80.1
Liver,Persons,All ages,Age-standardised,Stage 1,1-year,2013-2017,England,"1,421",77.8,75.5,80.1
Liver,Persons,15-44,Non-standardised,Stage 2,1-year,2013-2017,England,54,90.8,83.2,98.5
Liver,Persons,45-54,Non-standardised,Stage 2,1-year,2013-2017,England,148,76.6,69.8,83.5
Liver,Persons,55-64,Non-standardised,Stage 2,1-year,2013-2017,England,388,75.8,71.5,80.1
Liver,Persons,65-74,Non-standardised,Stage 2,1-year,2013-2017,England,560,71.8,67.9,75.6
Liver,Persons,75-99,Non-standardised,Stage 2,1-year,2013-2017,England,529,58.2,53.7,62.7
Liver,Persons,All ages,Non-standardised,Stage 2,1-year,2013-2017,England,"1,679",69.5,67.2,71.8
Liver,Persons,All ages,Age-standardised,Stage 2,1-year,2013-2017,England,"1,679",70.1,67.8,72.4
Liver,Persons,15-44,Non-standardised,Stage 3,1-year,2013-2017,England,39,59.0,43.9,74.2
Liver,Persons,45-54,Non-standardised,Stage 3,1-year,2013-2017,England,91,40.8,30.8,50.8
Liver,Persons,55-64,Non-standardised,Stage 3,1-year,2013-2017,England,300,46.4,40.7,52.0
Liver,Persons,65-74,Non-standardised,Stage 3,1-year,2013-2017,England,477,41.1,36.6,45.6
Liver,Persons,75-99,Non-standardised,Stage 3,1-year,2013-2017,England,598,30.9,27.0,34.8
Liver,Persons,All ages,Non-standardised,Stage 3,1-year,2013-2017,England,"1,505",38.6,36.0,41.1
Liver,Persons,All ages,Age-standardised,Stage 3,1-year,2013-2017,England,"1,505",39.9,37.3,42.6
Liver,Persons,15-44,Non-standardised,Stage 4,1-year,2013-2017,England,182,37.1,30.1,44.1
Liver,Persons,45-54,Non-standardised,Stage 4,1-year,2013-2017,England,455,32.0,27.7,36.2
Liver,Persons,55-64,Non-standardised,Stage 4,1-year,2013-2017,England,"1,122",24.3,21.7,26.8
Liver,Persons,65-74,Non-standardised,Stage 4,1-year,2013-2017,England,"1,923",21.2,19.3,23.0
Liver,Persons,75-99,Non-standardised,Stage 4,1-year,2013-2017,England,"2,542",11.6,10.3,12.8
Liver,Persons,All ages,Non-standardised,Stage 4,1-year,2013-2017,England,"6,224",19.1,18.1,20.0
Liver,Persons,All ages,Age-standardised,Stage 4,1-year,2013-2017,England,"6,224",20.0,19.0,21.1
Liver,Persons,15-44,Non-standardised,Unstageable,1-year,2013-2017,England,58,70.3,58.5,82.0
Liver,Persons,45-54,Non-standardised,Unstageable,1-year,2013-2017,England,91,43.0,32.9,53.1
Liver,Persons,55-64,Non-standardised,Unstageable,1-year,2013-2017,England,167,41.0,33.5,48.4
Liver,Persons,65-74,Non-standardised,Unstageable,1-year,2013-2017,England,339,37.6,32.4,42.8
Liver,Persons,75-99,Non-standardised,Unstageable,1-year,2013-2017,England,649,19.3,16.1,22.4
Liver,Persons,All ages,Non-standardised,Unstageable,1-year,2013-2017,England,"1,304",30.7,28.1,33.2
Liver,Persons,All ages,Age-standardised,Unstageable,1-year,2013-2017,England,"1,304",33.5,30.9,36.4
Liver,Persons,15-44,Non-standardised,Unknown/missing,1-year,2013-2017,England,207,59.3,52.6,66.0
Liver,Persons,45-54,Non-standardised,Unknown/missing,1-year,2013-2017,England,651,52.1,48.3,56.0
Liver,Persons,55-64,Non-standardised,Unknown/missing,1-year,2013-2017,England,"1,951",47.0,44.8,49.2
Liver,Persons,65-74,Non-standardised,Unknown/missing,1-year,2013-2017,England,"3,167",38.5,36.8,40.2
Liver,Persons,75-99,Non-standardised,Unknown/missing,1-year,2013-2017,England,"5,542",25.5,24.3,26.7
Liver,Persons,All ages,Non-standardised,Unknown/missing,1-year,2013-2017,England,"11,518",34.8,33.9,35.7
Liver,Persons,All ages,Age-standardised,Unknown/missing,1-year,2013-2017,England,"11,518",38.2,37.3,39.2
Liver,Persons,15-44,Non-standardised,All stages combined,1-year,2013-2017,England,575,58.5,54.4,62.5
Liver,Persons,45-54,Non-standardised,All stages combined,1-year,2013-2017,England,"1,588",50.9,48.4,53.3
Liver,Persons,55-64,Non-standardised,All stages combined,1-year,2013-2017,England,"4,276",46.5,45.0,48.0
Liver,Persons,65-74,Non-standardised,All stages combined,1-year,2013-2017,England,"6,925",39.3,38.2,40.5
Liver,Persons,75-99,Non-standardised,All stages combined,1-year,2013-2017,England,"10,287",25.2,24.3,26.0
Liver,Persons,All ages,Non-standardised,All stages combined,1-year,2013-2017,England,"23,651",35.7,35.1,36.3
Liver,Persons,All ages,Age-standardised,All stages combined,1-year,2013-2017,England,"23,651",38.1,37.4,38.7
Liver,Persons,15-44,Non-standardised,Stage 1,5-years,2013-2017,England,35,:,:,:
Liver,Persons,45-54,Non-standardised,Stage 1,5-years,2013-2017,England,152,:,:,:
Liver,Persons,55-64,Non-standardised,Stage 1,5-years,2013-2017,England,348,45.8,36.2,55.5
Liver,Persons,65-74,Non-standardised,Stage 1,5-years,2013-2017,England,459,51.7,44.5,59.0
Liver,Persons,75-99,Non-standardised,Stage 1,5-years,2013-2017,England,427,:,:,:
Liver,Persons,All ages,Non-standardised,Stage 1,5-years,2013-2017,England,"1,421",42.0,36.3,47.8
Liver,Persons,All ages,Age-standardised,Stage 1,5-years,2013-2017,England,"1,421",:,:,:
Liver,Persons,15-54,Non-standardised,Stage 2,5-years,2013-2017,England,202,48.2,38.1,58.2
Liver,Persons,55-64,Non-standardised,Stage 2,5-years,2013-2017,England,388,41.7,33.8,49.6
Liver,Persons,65-74,Non-standardised,Stage 2,5-years,2013-2017,England,560,33.4,27.0,39.8
Liver,Persons,75-99,Non-standardised,Stage 2,5-years,2013-2017,England,529,24.4,17.8,31.0
Liver,Persons,All ages,Non-standardised,Stage 2,5-years,2013-2017,England,"1,679",34.3,30.5,38.0
Liver,Persons,All ages,Age-standardised,Stage 2,5-years,2013-2017,England,"1,679",34.4,30.7,38.5
Liver,Persons,15-44,Non-standardised,Stage 3,5-years,2013-2017,England,39,:,:,:
Liver,Persons,45-54,Non-standardised,Stage 3,5-years,2013-2017,England,91,:,:,:
Liver,Persons,55-64,Non-standardised,Stage 3,5-years,2013-2017,England,300,:,:,:
Liver,Persons,65-74,Non-standardised,Stage 3,5-years,2013-2017,England,477,:,:,:
Liver,Persons,75-99,Non-standardised,Stage 3,5-years,2013-2017,England,598,:,:,:
Liver,Persons,All ages,Non-standardised,Stage 3,5-years,2013-2017,England,"1,505",10.4,8.0,12.7
Liver,Persons,All ages,Age-standardised,Stage 3,5-years,2013-2017,England,"1,505",:,:,:
Liver,Persons,15-44,Non-standardised,Stage 4,5-years,2013-2017,England,182,:,:,:
Liver,Persons,45-54,Non-standardised,Stage 4,5-years,2013-2017,England,455,:,:,:
Liver,Persons,55-64,Non-standardised,Stage 4,5-years,2013-2017,England,"1,122",:,:,:
Liver,Persons,65-74,Non-standardised,Stage 4,5-years,2013-2017,England,"1,923",:,:,:
Liver,Persons,75-99,Non-standardised,Stage 4,5-years,2013-2017,England,"2,542",:,:,:
Liver,Persons,All ages,Non-standardised,Stage 4,5-years,2013-2017,England,"6,224",3.1,2.4,3.8
Liver,Persons,All ages,Age-standardised,Stage 4,5-years,2013-2017,England,"6,224",:,:,:
Liver,Persons,15-44,Non-standardised,Unstageable,5-years,2013-2017,England,58,:,:,:
Liver,Persons,45-54,Non-standardised,Unstageable,5-years,2013-2017,England,91,:,:,:
Liver,Persons,55-64,Non-standardised,Unstageable,5-years,2013-2017,England,167,23.7,16.4,31.0
Liver,Persons,65-74,Non-standardised,Unstageable,5-years,2013-2017,England,339,14.9,10.0,19.8
Liver,Persons,75-99,Non-standardised,Unstageable,5-years,2013-2017,England,649,:,:,:
Liver,Persons,All ages,Non-standardised,Unstageable,5-years,2013-2017,England,"1,304",13.3,10.9,15.7
Liver,Persons,All ages,Age-standardised,Unstageable,5-years,2013-2017,England,"1,304",:,:,:
Liver,Persons,15-44,Non-standardised,Unknown/missing,5-years,2013-2017,England,207,40.5,33.0,48.0
Liver,Persons,45-54,Non-standardised,Unknown/missing,5-years,2013-2017,England,651,24.7,21.0,28.5
Liver,Persons,55-64,Non-standardised,Unknown/missing,5-years,2013-2017,England,"1,951",19.8,17.7,21.9
Liver,Persons,65-74,Non-standardised,Unknown/missing,5-years,2013-2017,England,"3,167",11.2,9.6,12.7
Liver,Persons,75-99,Non-standardised,Unknown/missing,5-years,2013-2017,England,"5,542",4.5,3.5,5.4
Liver,Persons,All ages,Non-standardised,Unknown/missing,5-years,2013-2017,England,"11,518",10.9,10.1,11.7
Liver,Persons,All ages,Age-standardised,Unknown/missing,5-years,2013-2017,England,"11,518",11.8,10.8,12.8
Liver,Persons,15-44,Non-standardised,All stages combined,5-years,2013-2017,England,575,36.6,32.0,41.2
Liver,Persons,45-54,Non-standardised,All stages combined,5-years,2013-2017,England,"1,588",23.5,20.9,26.1
Liver,Persons,55-64,Non-standardised,All stages combined,5-years,2013-2017,England,"4,276",19.6,18.1,21.1
Liver,Persons,65-74,Non-standardised,All stages combined,5-years,2013-2017,England,"6,925",12.5,11.3,13.7
Liver,Persons,75-99,Non-standardised,All stages combined,5-years,2013-2017,England,"10,287",5.5,4.6,6.3
Liver,Persons,All ages,Non-standardised,All stages combined,5-years,2013-2017,England,"23,651",12.1,11.5,12.8
Liver,Persons,All ages,Age-standardised,All stages combined,5-years,2013-2017,England,"23,651",12.7,12.0,13.4
Lung,Men,15-44,Non-standardised,Stage 1,1-year,2013-2017,England,137,97.2,94.3,100.0
Lung,Men,45-54,Non-standardised,Stage 1,1-year,2013-2017,England,420,90.4,87.5,93.2
Lung,Men,55-64,Non-standardised,Stage 1,1-year,2013-2017,England,"1,809",88.9,87.3,90.4
Lung,Men,65-74,Non-standardised,Stage 1,1-year,2013-2017,England,"4,810",85.5,84.4,86.6
Lung,Men,75-99,Non-standardised,Stage 1,1-year,2013-2017,England,"6,541",77.8,76.6,79.0
Lung,Men,All ages,Non-standardised,Stage 1,1-year,2013-2017,England,"13,717",82.5,81.8,83.3
Lung,Men,All ages,Age-standardised,Stage 1,1-year,2013-2017,England,"13,717",85.3,84.6,86.0
Lung,Men,15-44,Non-standardised,Stage 2,1-year,2013-2017,England,50,92.1,84.7,99.6
Lung,Men,45-54,Non-standardised,Stage 2,1-year,2013-2017,England,256,83.1,78.5,87.8
Lung,Men,55-64,Non-standardised,Stage 2,1-year,2013-2017,England,"1,106",77.6,75.1,80.1
Lung,Men,65-74,Non-standardised,Stage 2,1-year,2013-2017,England,"2,645",72.0,70.2,73.8
Lung,Men,75-99,Non-standardised,Stage 2,1-year,2013-2017,England,"3,483",58.5,56.7,60.3
Lung,Men,All ages,Non-standardised,Stage 2,1-year,2013-2017,England,"7,540",67.1,66.0,68.2
Lung,Men,All ages,Age-standardised,Stage 2,1-year,2013-2017,England,"7,540",71.4,70.3,72.6
Lung,Men,15-44,Non-standardised,Stage 3,1-year,2013-2017,England,158,55.8,48.1,63.5
Lung,Men,45-54,Non-standardised,Stage 3,1-year,2013-2017,England,941,57.6,54.4,60.7
Lung,Men,55-64,Non-standardised,Stage 3,1-year,2013-2017,England,"3,368",54.9,53.2,56.6
Lung,Men,65-74,Non-standardised,Stage 3,1-year,2013-2017,England,"6,858",48.2,47.0,49.4
Lung,Men,75-99,Non-standardised,Stage 3,1-year,2013-2017,England,"8,306",34.4,33.4,35.5
Lung,Men,All ages,Non-standardised,Stage 3,1-year,2013-2017,England,"19,631",44.0,43.3,44.8
Lung,Men,All ages,Age-standardised,Stage 3,1-year,2013-2017,England,"19,631",46.5,45.7,47.3
Lung,Men,15-44,Non-standardised,Stage 4,1-year,2013-2017,England,474,29.1,25.0,33.2
Lung,Men,45-54,Non-standardised,Stage 4,1-year,2013-2017,England,"2,562",23.4,21.7,25.0
Lung,Men,55-64,Non-standardised,Stage 4,1-year,2013-2017,England,"8,435",20.3,19.4,21.1
Lung,Men,65-74,Non-standardised,Stage 4,1-year,2013-2017,England,"16,979",17.5,16.9,18.1
Lung,Men,75-99,Non-standardised,Stage 4,1-year,2013-2017,England,"20,905",11.4,10.9,11.8
Lung,Men,All ages,Non-standardised,Stage 4,1-year,2013-2017,England,"49,355",15.8,15.5,16.1
Lung,Men,All ages,Age-standardised,Stage 4,1-year,2013-2017,England,"49,355",17.1,16.8,17.5
Lung,Men,15-44,Non-standardised,Unstageable,1-year,2013-2017,England,16,81.3,62.8,99.8
Lung,Men,45-54,Non-standardised,Unstageable,1-year,2013-2017,England,26,50.1,31.4,68.8
Lung,Men,55-64,Non-standardised,Unstageable,1-year,2013-2017,England,40,58.0,42.9,73.2
Lung,Men,65-74,Non-standardised,Unstageable,1-year,2013-2017,England,85,49.3,38.5,60.0
Lung,Men,75-99,Non-standardised,Unstageable,1-year,2013-2017,England,107,28.9,20.0,37.8
Lung,Men,All ages,Non-standardised,Unstageable,1-year,2013-2017,England,274,44.6,38.6,50.6
Lung,Men,All ages,Age-standardised,Unstageable,1-year,2013-2017,England,274,45.5,39.8,52.0
Lung,Men,15-44,Non-standardised,Unknown/missing,1-year,2013-2017,England,71,55.8,44.3,67.3
Lung,Men,45-54,Non-standardised,Unknown/missing,1-year,2013-2017,England,248,39.2,33.2,45.2
Lung,Men,55-64,Non-standardised,Unknown/missing,1-year,2013-2017,England,835,25.8,22.8,28.7
Lung,Men,65-74,Non-standardised,Unknown/missing,1-year,2013-2017,England,"2,060",22.2,20.4,24.0
Lung,Men,75-99,Non-standardised,Unknown/missing,1-year,2013-2017,England,"4,626",17.6,16.4,18.7
Lung,Men,All ages,Non-standardised,Unknown/missing,1-year,2013-2017,England,"7,840",20.7,19.7,21.6
Lung,Men,All ages,Age-standardised,Unknown/missing,1-year,2013-2017,England,"7,840",24.5,23.4,25.7
Lung,Men,15-44,Non-standardised,All stages combined,1-year,2013-2017,England,906,50.6,47.3,53.8
Lung,Men,45-54,Non-standardised,All stages combined,1-year,2013-2017,England,"4,453",41.4,39.9,42.8
Lung,Men,55-64,Non-standardised,All stages combined,1-year,2013-2017,England,"15,593",40.2,39.4,40.9
Lung,Men,65-74,Non-standardised,All stages combined,1-year,2013-2017,England,"33,437",38.3,37.7,38.8
Lung,Men,75-99,Non-standardised,All stages combined,1-year,2013-2017,England,"43,968",30.0,29.6,30.5
Lung,Men,All ages,Non-standardised,All stages combined,1-year,2013-2017,England,"98,357",35.1,34.8,35.5
Lung,Men,All ages,Age-standardised,All stages combined,1-year,2013-2017,England,"98,357",37.1,36.8,37.5
Lung,Men,15-54,Non-standardised,Stage 1,5-years,2013-2017,England,557,74.7,69.7,79.6
Lung,Men,55-64,Non-standardised,Stage 1,5-years,2013-2017,England,"1,809",59.6,56.2,62.9
Lung,Men,65-74,Non-standardised,Stage 1,5-years,2013-2017,England,"4,810",52.3,50.1,54.6
Lung,Men,75-99,Non-standardised,Stage 1,5-years,2013-2017,England,"6,541",34.5,31.7,37.3
Lung,Men,All ages,Non-standardised,Stage 1,5-years,2013-2017,England,"13,717",45.9,44.3,47.6
Lung,Men,All ages,Age-standardised,Stage 1,5-years,2013-2017,England,"13,717",51.1,49.5,52.8
Lung,Men,15-54,Non-standardised,Stage 2,5-years,2013-2017,England,306,48.4,41.5,55.3
Lung,Men,55-64,Non-standardised,Stage 2,5-years,2013-2017,England,"1,106",44.3,40.3,48.3
Lung,Men,65-74,Non-standardised,Stage 2,5-years,2013-2017,England,"2,645",32.7,30.0,35.3
Lung,Men,75-99,Non-standardised,Stage 2,5-years,2013-2017,England,"3,483",18.6,15.8,21.4
Lung,Men,All ages,Non-standardised,Stage 2,5-years,2013-2017,England,"7,540",28.6,26.9,30.4
Lung,Men,All ages,Age-standardised,Stage 2,5-years,2013-2017,England,"7,540",32.1,30.2,34.1
Lung,Men,15-44,Non-standardised,Stage 3,5-years,2013-2017,England,158,29.2,19.1,39.3
Lung,Men,45-54,Non-standardised,Stage 3,5-years,2013-2017,England,941,21.9,18.4,25.3
Lung,Men,55-64,Non-standardised,Stage 3,5-years,2013-2017,England,"3,368",15.9,14.2,17.7
Lung,Men,65-74,Non-standardised,Stage 3,5-years,2013-2017,England,"6,858",11.1,10.0,12.3
Lung,Men,75-99,Non-standardised,Stage 3,5-years,2013-2017,England,"8,306",5.9,4.7,7.0
Lung,Men,All ages,Non-standardised,Stage 3,5-years,2013-2017,England,"19,631",10.4,9.7,11.1
Lung,Men,All ages,Age-standardised,Stage 3,5-years,2013-2017,England,"19,631",11.6,10.8,12.6
Lung,Men,15-44,Non-standardised,Stage 4,5-years,2013-2017,England,474,12.5,9.0,16.1
Lung,Men,45-54,Non-standardised,Stage 4,5-years,2013-2017,England,"2,562",5.4,4.2,6.5
Lung,Men,55-64,Non-standardised,Stage 4,5-years,2013-2017,England,"8,435",3.3,2.7,3.8
Lung,Men,65-74,Non-standardised,Stage 4,5-years,2013-2017,England,"16,979",1.9,1.6,2.2
Lung,Men,75-99,Non-standardised,Stage 4,5-years,2013-2017,England,"20,905",1.0,0.8,1.3
Lung,Men,All ages,Non-standardised,Stage 4,5-years,2013-2017,England,"49,355",2.1,1.9,2.3
Lung,Men,All ages,Age-standardised,Stage 4,5-years,2013-2017,England,"49,355",2.3,2.1,2.6
Lung,Men,15-44,Non-standardised,Unstageable,5-years,2013-2017,England,16,:,:,:
Lung,Men,45-54,Non-standardised,Unstageable,5-years,2013-2017,England,26,:,:,:
Lung,Men,55-64,Non-standardised,Unstageable,5-years,2013-2017,England,40,:,:,:
Lung,Men,65-74,Non-standardised,Unstageable,5-years,2013-2017,England,85,:,:,:
Lung,Men,75-99,Non-standardised,Unstageable,5-years,2013-2017,England,107,:,:,:
Lung,Men,All ages,Non-standardised,Unstageable,5-years,2013-2017,England,274,22.7,16.3,29.2
Lung,Men,All ages,Age-standardised,Unstageable,5-years,2013-2017,England,274,:,:,:
Lung,Men,15-44,Non-standardised,Unknown/missing,5-years,2013-2017,England,71,:,:,:
Lung,Men,45-54,Non-standardised,Unknown/missing,5-years,2013-2017,England,248,:,:,:
Lung,Men,55-64,Non-standardised,Unknown/missing,5-years,2013-2017,England,835,12.3,9.8,14.8
Lung,Men,65-74,Non-standardised,Unknown/missing,5-years,2013-2017,England,"2,060",8.8,7.3,10.4
Lung,Men,75-99,Non-standardised,Unknown/missing,5-years,2013-2017,England,"4,626",3.8,2.9,4.7
Lung,Men,All ages,Non-standardised,Unknown/missing,5-years,2013-2017,England,"7,840",6.8,6.0,7.6
Lung,Men,All ages,Age-standardised,Unknown/missing,5-years,2013-2017,England,"7,840",:,:,:
Lung,Men,15-44,Non-standardised,All stages combined,5-years,2013-2017,England,906,33.6,30.0,37.1
Lung,Men,45-54,Non-standardised,All stages combined,5-years,2013-2017,England,"4,453",18.0,16.6,19.4
Lung,Men,55-64,Non-standardised,All stages combined,5-years,2013-2017,England,"15,593",16.1,15.3,16.8
Lung,Men,65-74,Non-standardised,All stages combined,5-years,2013-2017,England,"33,437",14.0,13.5,14.5
Lung,Men,75-99,Non-standardised,All stages combined,5-years,2013-2017,England,"43,968",8.7,8.1,9.2
Lung,Men,All ages,Non-standardised,All stages combined,5-years,2013-2017,England,"98,357",12.3,12.0,12.7
Lung,Men,All ages,Age-standardised,All stages combined,5-years,2013-2017,England,"98,357",13.8,13.4,14.2
Lung,Women,15-44,Non-standardised,Stage 1,1-year,2013-2017,England,167,97.7,95.4,100.0
Lung,Women,45-54,Non-standardised,Stage 1,1-year,2013-2017,England,614,95.4,93.7,97.1
Lung,Women,55-64,Non-standardised,Stage 1,1-year,2013-2017,England,"2,328",93.5,92.4,94.5
Lung,Women,65-74,Non-standardised,Stage 1,1-year,2013-2017,England,"5,313",91.6,90.8,92.4
Lung,Women,75-99,Non-standardised,Stage 1,1-year,2013-2017,England,"6,797",81.3,80.2,82.3
Lung,Women,All ages,Non-standardised,Stage 1,1-year,2013-2017,England,"15,219",87.5,86.9,88.1
Lung,Women,All ages,Age-standardised,Stage 1,1-year,2013-2017,England,"15,219",89.7,89.2,90.3
Lung,Women,15-44,Non-standardised,Stage 2,1-year,2013-2017,England,55,92.8,86.0,99.6
Lung,Women,45-54,Non-standardised,Stage 2,1-year,2013-2017,England,249,85.8,81.4,90.1
Lung,Women,55-64,Non-standardised,Stage 2,1-year,2013-2017,England,941,85.4,83.1,87.7
Lung,Women,65-74,Non-standardised,Stage 2,1-year,2013-2017,England,"2,037",76.4,74.5,78.3
Lung,Women,75-99,Non-standardised,Stage 2,1-year,2013-2017,England,"2,696",59.5,57.5,61.5
Lung,Women,All ages,Non-standardised,Stage 2,1-year,2013-2017,England,"5,978",70.7,69.5,71.9
Lung,Women,All ages,Age-standardised,Stage 2,1-year,2013-2017,England,"5,978",74.9,73.7,76.1
Lung,Women,15-44,Non-standardised,Stage 3,1-year,2013-2017,England,123,72.4,64.6,80.3
Lung,Women,45-54,Non-standardised,Stage 3,1-year,2013-2017,England,867,63.7,60.5,66.9
Lung,Women,55-64,Non-standardised,Stage 3,1-year,2013-2017,England,"2,901",60.9,59.1,62.7
Lung,Women,65-74,Non-standardised,Stage 3,1-year,2013-2017,England,"5,657",52.7,51.4,54.0
Lung,Women,75-99,Non-standardised,Stage 3,1-year,2013-2017,England,"6,525",36.8,35.5,38.0
Lung,Women,All ages,Non-standardised,Stage 3,1-year,2013-2017,England,"16,073",48.5,47.7,49.3
Lung,Women,All ages,Age-standardised,Stage 3,1-year,2013-2017,England,"16,073",51.3,50.5,52.2
Lung,Women,15-44,Non-standardised,Stage 4,1-year,2013-2017,England,451,42.0,37.5,46.6
Lung,Women,45-54,Non-standardised,Stage 4,1-year,2013-2017,England,"2,375",31.3,29.4,33.2
Lung,Women,55-64,Non-standardised,Stage 4,1-year,2013-2017,England,"7,058",27.0,25.9,28.0
Lung,Women,65-74,Non-standardised,Stage 4,1-year,2013-2017,England,"13,681",21.8,21.1,22.5
Lung,Women,75-99,Non-standardised,Stage 4,1-year,2013-2017,England,"17,309",13.7,13.2,14.3
Lung,Women,All ages,Non-standardised,Stage 4,1-year,2013-2017,England,"40,874",20.0,19.7,20.4
Lung,Women,All ages,Age-standardised,Stage 4,1-year,2013-2017,England,"40,874",21.9,21.5,22.3
Lung,Women,15-44,Non-standardised,Unstageable,1-year,2013-2017,England,18,72.3,52.2,92.3
Lung,Women,45-54,Non-standardised,Unstageable,1-year,2013-2017,England,18,83.5,66.7,100.2
Lung,Women,55-64,Non-standardised,Unstageable,1-year,2013-2017,England,48,69.2,56.2,82.2
Lung,Women,65-74,Non-standardised,Unstageable,1-year,2013-2017,England,64,64.7,53.0,76.4
Lung,Women,75-99,Non-standardised,Unstageable,1-year,2013-2017,England,70,43.7,31.7,55.7
Lung,Women,All ages,Non-standardised,Unstageable,1-year,2013-2017,England,218,61.1,54.5,67.7
Lung,Women,All ages,Age-standardised,Unstageable,1-year,2013-2017,England,218,60.9,54.6,67.9
Lung,Women,15-44,Non-standardised,Unknown/missing,1-year,2013-2017,England,66,78.8,69.1,88.6
Lung,Women,45-54,Non-standardised,Unknown/missing,1-year,2013-2017,England,199,49.4,42.5,56.3
Lung,Women,55-64,Non-standardised,Unknown/missing,1-year,2013-2017,England,664,42.0,38.3,45.7
Lung,Women,65-74,Non-standardised,Unknown/missing,1-year,2013-2017,England,"1,575",32.1,29.8,34.4
Lung,Women,75-99,Non-standardised,Unknown/missing,1-year,2013-2017,England,"4,404",22.6,21.3,23.9
Lung,Women,All ages,Non-standardised,Unknown/missing,1-year,2013-2017,England,"6,908",27.9,26.8,29.0
Lung,Women,All ages,Age-standardised,Unknown/missing,1-year,2013-2017,England,"6,908",34.6,33.3,35.9
Lung,Women,15-44,Non-standardised,All stages combined,1-year,2013-2017,England,880,63.4,60.2,66.6
Lung,Women,45-54,Non-standardised,All stages combined,1-year,2013-2017,England,"4,322",51.1,49.6,52.6
Lung,Women,55-64,Non-standardised,All stages combined,1-year,2013-2017,England,"13,940",49.9,49.1,50.8
Lung,Women,65-74,Non-standardised,All stages combined,1-year,2013-2017,England,"28,327",45.7,45.1,46.3
Lung,Women,75-99,Non-standardised,All stages combined,1-year,2013-2017,England,"37,801",34.2,33.7,34.7
Lung,Women,All ages,Non-standardised,All stages combined,1-year,2013-2017,England,"85,270",41.7,41.4,42.1
Lung,Women,All ages,Age-standardised,All stages combined,1-year,2013-2017,England,"85,270",44.5,44.1,44.8
Lung,Women,15-54,Non-standardised,Stage 1,5-years,2013-2017,England,781,85.0,81.8,88.2
Lung,Women,55-64,Non-standardised,Stage 1,5-years,2013-2017,England,"2,328",71.1,68.4,73.8
Lung,Women,65-74,Non-standardised,Stage 1,5-years,2013-2017,England,"5,313",64.4,62.4,66.4
Lung,Women,75-99,Non-standardised,Stage 1,5-years,2013-2017,England,"6,797",42.3,39.9,44.8
Lung,Women,All ages,Non-standardised,Stage 1,5-years,2013-2017,England,"15,219",56.8,55.4,58.2
Lung,Women,All ages,Age-standardised,Stage 1,5-years,2013-2017,England,"15,219",61.5,60.2,62.9
Lung,Women,15-54,Non-standardised,Stage 2,5-years,2013-2017,England,304,55.3,47.9,62.7
Lung,Women,55-64,Non-standardised,Stage 2,5-years,2013-2017,England,941,53.4,49.0,57.8
Lung,Women,65-74,Non-standardised,Stage 2,5-years,2013-2017,England,"2,037",37.8,34.7,40.9
Lung,Women,75-99,Non-standardised,Stage 2,5-years,2013-2017,England,"2,696",19.7,16.9,22.6
Lung,Women,All ages,Non-standardised,Stage 2,5-years,2013-2017,England,"5,978",33.2,31.3,35.1
Lung,Women,All ages,Age-standardised,Stage 2,5-years,2013-2017,England,"5,978",36.4,34.4,38.6
Lung,Women,15-44,Non-standardised,Stage 3,5-years,2013-2017,England,123,31.6,21.6,41.5
Lung,Women,45-54,Non-standardised,Stage 3,5-years,2013-2017,England,867,25.4,21.7,29.2
Lung,Women,55-64,Non-standardised,Stage 3,5-years,2013-2017,England,"2,901",19.7,17.7,21.7
Lung,Women,65-74,Non-standardised,Stage 3,5-years,2013-2017,England,"5,657",14.5,13.1,15.8
Lung,Women,75-99,Non-standardised,Stage 3,5-years,2013-2017,England,"6,525",6.2,5.0,7.3
Lung,Women,All ages,Non-standardised,Stage 3,5-years,2013-2017,England,"16,073",12.8,12.0,13.7
Lung,Women,All ages,Age-standardised,Stage 3,5-years,2013-2017,England,"16,073",13.7,12.8,14.7
Lung,Women,15-54,Non-standardised,Stage 4,5-years,2013-2017,England,"2,826",7.3,6.0,8.6
Lung,Women,55-64,Non-standardised,Stage 4,5-years,2013-2017,England,"7,058",4.7,4.0,5.4
Lung,Women,65-74,Non-standardised,Stage 4,5-years,2013-2017,England,"13,681",3.3,2.8,3.7
Lung,Women,75-99,Non-standardised,Stage 4,5-years,2013-2017,England,"17,309",1.7,1.4,2.1
Lung,Women,All ages,Non-standardised,Stage 4,5-years,2013-2017,England,"40,874",3.1,2.9,3.4
Lung,Women,All ages,Age-standardised,Stage 4,5-years,2013-2017,England,"40,874",3.4,3.2,3.8
Lung,Women,15-44,Non-standardised,Unstageable,5-years,2013-2017,England,18,:,:,:
Lung,Women,45-54,Non-standardised,Unstageable,5-years,2013-2017,England,18,:,:,:
Lung,Women,55-64,Non-standardised,Unstageable,5-years,2013-2017,England,48,:,:,:
Lung,Women,65-74,Non-standardised,Unstageable,5-years,2013-2017,England,64,:,:,:
Lung,Women,75-99,Non-standardised,Unstageable,5-years,2013-2017,England,70,:,:,:
Lung,Women,All ages,Non-standardised,Unstageable,5-years,2013-2017,England,218,39.3,31.2,47.3
Lung,Women,All ages,Age-standardised,Unstageable,5-years,2013-2017,England,218,:,:,:
Lung,Women,15-44,Non-standardised,Unknown/missing,5-years,2013-2017,England,66,:,:,:
Lung,Women,45-54,Non-standardised,Unknown/missing,5-years,2013-2017,England,199,:,:,:
Lung,Women,55-64,Non-standardised,Unknown/missing,5-years,2013-2017,England,664,22.0,18.2,25.8
Lung,Women,65-74,Non-standardised,Unknown/missing,5-years,2013-2017,England,"1,575",14.6,12.4,16.8
Lung,Women,75-99,Non-standardised,Unknown/missing,5-years,2013-2017,England,"4,404",5.3,4.2,6.4
Lung,Women,All ages,Non-standardised,Unknown/missing,5-years,2013-2017,England,"6,908",10.3,9.3,11.3
Lung,Women,All ages,Age-standardised,Unknown/missing,5-years,2013-2017,England,"6,908",:,:,:
Lung,Women,15-44,Non-standardised,All stages combined,5-years,2013-2017,England,880,38.4,34.7,42.1
Lung,Women,45-54,Non-standardised,All stages combined,5-years,2013-2017,England,"4,322",25.4,23.8,26.9
Lung,Women,55-64,Non-standardised,All stages combined,5-years,2013-2017,England,"13,940",23.2,22.3,24.1
Lung,Women,65-74,Non-standardised,All stages combined,5-years,2013-2017,England,"28,327",20.2,19.5,20.8
Lung,Women,75-99,Non-standardised,All stages combined,5-years,2013-2017,England,"37,801",11.5,10.9,12.1
Lung,Women,All ages,Non-standardised,All stages combined,5-years,2013-2017,England,"85,270",17.3,16.9,17.7
Lung,Women,All ages,Age-standardised,All stages combined,5-years,2013-2017,England,"85,270",19.0,18.6,19.4
Lung,Persons,15-44,Non-standardised,Stage 1,1-year,2013-2017,England,304,97.5,95.7,99.3
Lung,Persons,45-54,Non-standardised,Stage 1,1-year,2013-2017,England,"1,034",93.3,91.8,94.9
Lung,Persons,55-64,Non-standardised,Stage 1,1-year,2013-2017,England,"4,137",91.5,90.6,92.3
Lung,Persons,65-74,Non-standardised,Stage 1,1-year,2013-2017,England,"10,123",88.7,88.1,89.4
Lung,Persons,75-99,Non-standardised,Stage 1,1-year,2013-2017,England,"13,338",79.6,78.8,80.4
Lung,Persons,All ages,Non-standardised,Stage 1,1-year,2013-2017,England,"28,936",85.2,84.7,85.6
Lung,Persons,All ages,Age-standardised,Stage 1,1-year,2013-2017,England,"28,936",87.7,87.2,88.1
Lung,Persons,15-44,Non-standardised,Stage 2,1-year,2013-2017,England,105,92.5,87.4,97.5
Lung,Persons,45-54,Non-standardised,Stage 2,1-year,2013-2017,England,505,84.4,81.3,87.6
Lung,Persons,55-64,Non-standardised,Stage 2,1-year,2013-2017,England,"2,047",81.2,79.5,82.9
Lung,Persons,65-74,Non-standardised,Stage 2,1-year,2013-2017,England,"4,682",73.9,72.6,75.2
Lung,Persons,75-99,Non-standardised,Stage 2,1-year,2013-2017,England,"6,179",58.9,57.6,60.3
Lung,Persons,All ages,Non-standardised,Stage 2,1-year,2013-2017,England,"13,518",68.7,67.9,69.5
Lung,Persons,All ages,Age-standardised,Stage 2,1-year,2013-2017,England,"13,518",73.0,72.2,73.8
Lung,Persons,15-44,Non-standardised,Stage 3,1-year,2013-2017,England,281,63.1,57.4,68.7
Lung,Persons,45-54,Non-standardised,Stage 3,1-year,2013-2017,England,"1,808",60.5,58.3,62.8
Lung,Persons,55-64,Non-standardised,Stage 3,1-year,2013-2017,England,"6,269",57.7,56.4,58.9
Lung,Persons,65-74,Non-standardised,Stage 3,1-year,2013-2017,England,"12,515",50.3,49.4,51.1
Lung,Persons,75-99,Non-standardised,Stage 3,1-year,2013-2017,England,"14,831",35.5,34.7,36.3
Lung,Persons,All ages,Non-standardised,Stage 3,1-year,2013-2017,England,"35,704",46.0,45.5,46.6
Lung,Persons,All ages,Age-standardised,Stage 3,1-year,2013-2017,England,"35,704",48.7,48.1,49.3
Lung,Persons,15-44,Non-standardised,Stage 4,1-year,2013-2017,England,925,35.4,32.4,38.5
Lung,Persons,45-54,Non-standardised,Stage 4,1-year,2013-2017,England,"4,937",27.2,25.9,28.4
Lung,Persons,55-64,Non-standardised,Stage 4,1-year,2013-2017,England,"15,493",23.3,22.6,24.0
Lung,Persons,65-74,Non-standardised,Stage 4,1-year,2013-2017,England,"30,660",19.4,19.0,19.9
Lung,Persons,75-99,Non-standardised,Stage 4,1-year,2013-2017,England,"38,214",12.4,12.1,12.8
Lung,Persons,All ages,Non-standardised,Stage 4,1-year,2013-2017,England,"90,229",17.7,17.5,18.0
Lung,Persons,All ages,Age-standardised,Stage 4,1-year,2013-2017,England,"90,229",19.3,19.0,19.6
Lung,Persons,15-44,Non-standardised,Unstageable,1-year,2013-2017,England,34,76.5,62.5,90.6
Lung,Persons,45-54,Non-standardised,Unstageable,1-year,2013-2017,England,44,63.8,49.7,77.8
Lung,Persons,55-64,Non-standardised,Unstageable,1-year,2013-2017,England,88,64.1,54.1,74.2
Lung,Persons,65-74,Non-standardised,Unstageable,1-year,2013-2017,England,149,55.9,47.9,64.0
Lung,Persons,75-99,Non-standardised,Unstageable,1-year,2013-2017,England,177,34.8,27.5,42.1
Lung,Persons,All ages,Non-standardised,Unstageable,1-year,2013-2017,England,492,51.9,47.4,56.5
Lung,Persons,All ages,Age-standardised,Unstageable,1-year,2013-2017,England,492,52.2,47.9,57.0
Lung,Persons,15-44,Non-standardised,Unknown/missing,1-year,2013-2017,England,137,67.0,59.1,74.8
Lung,Persons,45-54,Non-standardised,Unknown/missing,1-year,2013-2017,England,447,43.8,39.2,48.3
Lung,Persons,55-64,Non-standardised,Unknown/missing,1-year,2013-2017,England,"1,499",33.0,30.6,35.3
Lung,Persons,65-74,Non-standardised,Unknown/missing,1-year,2013-2017,England,"3,635",26.5,25.0,27.9
Lung,Persons,75-99,Non-standardised,Unknown/missing,1-year,2013-2017,England,"9,030",20.0,19.1,20.9
Lung,Persons,All ages,Non-standardised,Unknown/missing,1-year,2013-2017,England,"14,748",24.0,23.3,24.8
Lung,Persons,All ages,Age-standardised,Unknown/missing,1-year,2013-2017,England,"14,748",29.1,28.2,30.0
Lung,Persons,15-44,Non-standardised,All stages combined,1-year,2013-2017,England,"1,786",56.9,54.6,59.2
Lung,Persons,45-54,Non-standardised,All stages combined,1-year,2013-2017,England,"8,775",46.2,45.1,47.2
Lung,Persons,55-64,Non-standardised,All stages combined,1-year,2013-2017,England,"29,533",44.8,44.2,45.4
Lung,Persons,65-74,Non-standardised,All stages combined,1-year,2013-2017,England,"61,764",41.7,41.3,42.1
Lung,Persons,75-99,Non-standardised,All stages combined,1-year,2013-2017,England,"81,769",32.0,31.6,32.3
Lung,Persons,All ages,Non-standardised,All stages combined,1-year,2013-2017,England,"183,627",38.2,38.0,38.4
Lung,Persons,All ages,Age-standardised,All stages combined,1-year,2013-2017,England,"183,627",40.6,40.3,40.9
Lung,Persons,15-54,Non-standardised,Stage 1,5-years,2013-2017,England,"1,338",80.7,77.9,83.5
Lung,Persons,55-64,Non-standardised,Stage 1,5-years,2013-2017,England,"4,137",66.0,63.8,68.1
Lung,Persons,65-74,Non-standardised,Stage 1,5-years,2013-2017,England,"10,123",58.6,57.1,60.1
Lung,Persons,75-99,Non-standardised,Stage 1,5-years,2013-2017,England,"13,338",38.5,36.6,40.3
Lung,Persons,All ages,Non-standardised,Stage 1,5-years,2013-2017,England,"28,936",51.6,50.5,52.7
Lung,Persons,All ages,Age-standardised,Stage 1,5-years,2013-2017,England,"28,936",56.6,55.6,57.7
Lung,Persons,15-54,Non-standardised,Stage 2,5-years,2013-2017,England,610,51.8,46.7,56.9
Lung,Persons,55-64,Non-standardised,Stage 2,5-years,2013-2017,England,"2,047",48.5,45.5,51.5
Lung,Persons,65-74,Non-standardised,Stage 2,5-years,2013-2017,England,"4,682",34.9,32.9,36.9
Lung,Persons,75-99,Non-standardised,Stage 2,5-years,2013-2017,England,"6,179",19.1,17.1,21.1
Lung,Persons,All ages,Non-standardised,Stage 2,5-years,2013-2017,England,"13,518",30.6,29.4,31.9
Lung,Persons,All ages,Age-standardised,Stage 2,5-years,2013-2017,England,"13,518",34.1,32.7,35.5
Lung,Persons,15-44,Non-standardised,Stage 3,5-years,2013-2017,England,281,30.7,23.7,37.6
Lung,Persons,45-54,Non-standardised,Stage 3,5-years,2013-2017,England,"1,808",23.6,21.0,26.1
Lung,Persons,55-64,Non-standardised,Stage 3,5-years,2013-2017,England,"6,269",17.7,16.4,19.0
Lung,Persons,65-74,Non-standardised,Stage 3,5-years,2013-2017,England,"12,515",12.6,11.8,13.5
Lung,Persons,75-99,Non-standardised,Stage 3,5-years,2013-2017,England,"14,831",6.0,5.2,6.8
Lung,Persons,All ages,Non-standardised,Stage 3,5-years,2013-2017,England,"35,704",11.5,11.0,12.0
Lung,Persons,All ages,Age-standardised,Stage 3,5-years,2013-2017,England,"35,704",12.6,12.0,13.3
Lung,Persons,15-44,Non-standardised,Stage 4,5-years,2013-2017,England,925,12.1,9.5,14.7
Lung,Persons,45-54,Non-standardised,Stage 4,5-years,2013-2017,England,"4,937",5.9,5.0,6.8
Lung,Persons,55-64,Non-standardised,Stage 4,5-years,2013-2017,England,"15,493",3.9,3.5,4.3
Lung,Persons,65-74,Non-standardised,Stage 4,5-years,2013-2017,England,"30,660",2.5,2.2,2.8
Lung,Persons,75-99,Non-standardised,Stage 4,5-years,2013-2017,England,"38,214",1.4,1.1,1.6
Lung,Persons,All ages,Non-standardised,Stage 4,5-years,2013-2017,England,"90,229",2.6,2.4,2.7
Lung,Persons,All ages,Age-standardised,Stage 4,5-years,2013-2017,England,"90,229",2.9,2.7,3.1
Lung,Persons,15-44,Non-standardised,Unstageable,5-years,2013-2017,England,34,:,:,:
Lung,Persons,45-54,Non-standardised,Unstageable,5-years,2013-2017,England,44,:,:,:
Lung,Persons,55-64,Non-standardised,Unstageable,5-years,2013-2017,England,88,:,:,:
Lung,Persons,65-74,Non-standardised,Unstageable,5-years,2013-2017,England,149,:,:,:
Lung,Persons,75-99,Non-standardised,Unstageable,5-years,2013-2017,England,177,21.5,13.8,29.2
Lung,Persons,All ages,Non-standardised,Unstageable,5-years,2013-2017,England,492,30.0,24.8,35.2
Lung,Persons,All ages,Age-standardised,Unstageable,5-years,2013-2017,England,492,:,:,:
Lung,Persons,15-44,Non-standardised,Unknown/missing,5-years,2013-2017,England,137,:,:,:
Lung,Persons,45-54,Non-standardised,Unknown/missing,5-years,2013-2017,England,447,:,:,:
Lung,Persons,55-64,Non-standardised,Unknown/missing,5-years,2013-2017,England,"1,499",16.6,14.4,18.8
Lung,Persons,65-74,Non-standardised,Unknown/missing,5-years,2013-2017,England,"3,635",11.4,10.1,12.6
Lung,Persons,75-99,Non-standardised,Unknown/missing,5-years,2013-2017,England,"9,030",4.5,3.8,5.2
Lung,Persons,All ages,Non-standardised,Unknown/missing,5-years,2013-2017,England,"14,748",8.4,7.8,9.1
Lung,Persons,All ages,Age-standardised,Unknown/missing,5-years,2013-2017,England,"14,748",:,:,:
Lung,Persons,15-44,Non-standardised,All stages combined,5-years,2013-2017,England,"1,786",35.9,33.4,38.5
Lung,Persons,45-54,Non-standardised,All stages combined,5-years,2013-2017,England,"8,775",21.7,20.6,22.7
Lung,Persons,55-64,Non-standardised,All stages combined,5-years,2013-2017,England,"29,533",19.4,18.8,20.0
Lung,Persons,65-74,Non-standardised,All stages combined,5-years,2013-2017,England,"61,764",16.8,16.4,17.2
Lung,Persons,75-99,Non-standardised,All stages combined,5-years,2013-2017,England,"81,769",10.0,9.6,10.4
Lung,Persons,All ages,Non-standardised,All stages combined,5-years,2013-2017,England,"183,627",14.6,14.4,14.9
Lung,Persons,All ages,Age-standardised,All stages combined,5-years,2013-2017,England,"183,627",16.2,16.0,16.5
Melanoma of Skin,Men,15-44,Non-standardised,Stage 1,1-year,2013-2017,England,"2,594",99.9,99.7,100.1
Melanoma of Skin,Men,45-54,Non-standardised,Stage 1,1-year,2013-2017,England,"2,974",100.0,99.8,100.2
Melanoma of Skin,Men,55-64,Non-standardised,Stage 1,1-year,2013-2017,England,"3,713",100.1,99.9,100.4
Melanoma of Skin,Men,65-74,Non-standardised,Stage 1,1-year,2013-2017,England,"4,974",101.0,100.8,101.3
Melanoma of Skin,Men,75-99,Non-standardised,Stage 1,1-year,2013-2017,England,"4,389",101.6,100.8,102.3
Melanoma of Skin,Men,All ages,Non-standardised,Stage 1,1-year,2013-2017,England,"18,644",100.7,100.5,100.8
Melanoma of Skin,Men,All ages,Age-standardised,Stage 1,1-year,2013-2017,England,"18,644",100.4,100.3,100.6
Melanoma of Skin,Men,15-44,Non-standardised,Stage 2,1-year,2013-2017,England,383,98.5,97.3,99.8
Melanoma of Skin,Men,45-54,Non-standardised,Stage 2,1-year,2013-2017,England,581,99.4,98.7,100.2
Melanoma of Skin,Men,55-64,Non-standardised,Stage 2,1-year,2013-2017,England,"1,039",98.8,97.9,99.6
Melanoma of Skin,Men,65-74,Non-standardised,Stage 2,1-year,2013-2017,England,"1,889",97.6,96.7,98.5
Melanoma of Skin,Men,75-99,Non-standardised,Stage 2,1-year,2013-2017,England,"2,982",94.7,93.4,96.0
Melanoma of Skin,Men,All ages,Non-standardised,Stage 2,1-year,2013-2017,England,"6,874",96.7,96.1,97.4
Melanoma of Skin,Men,All ages,Age-standardised,Stage 2,1-year,2013-2017,England,"6,874",98.0,97.5,98.5
Melanoma of Skin,Men,15-44,Non-standardised,Stage 3,1-year,2013-2017,England,251,95.7,93.2,98.3
Melanoma of Skin,Men,45-54,Non-standardised,Stage 3,1-year,2013-2017,England,320,95.0,92.5,97.4
Melanoma of Skin,Men,55-64,Non-standardised,Stage 3,1-year,2013-2017,England,424,94.0,91.7,96.4
Melanoma of Skin,Men,65-74,Non-standardised,Stage 3,1-year,2013-2017,England,554,94.6,92.4,96.7
Melanoma of Skin,Men,75-99,Non-standardised,Stage 3,1-year,2013-2017,England,610,87.1,83.7,90.5
Melanoma of Skin,Men,All ages,Non-standardised,Stage 3,1-year,2013-2017,England,"2,159",92.6,91.3,93.9
Melanoma of Skin,Men,All ages,Age-standardised,Stage 3,1-year,2013-2017,England,"2,159",93.8,92.6,94.9
Melanoma of Skin,Men,15-44,Non-standardised,Stage 4,1-year,2013-2017,England,70,54.3,42.8,65.9
Melanoma of Skin,Men,45-54,Non-standardised,Stage 4,1-year,2013-2017,England,86,46.7,36.2,57.1
Melanoma of Skin,Men,55-64,Non-standardised,Stage 4,1-year,2013-2017,England,170,50.7,43.1,58.2
Melanoma of Skin,Men,65-74,Non-standardised,Stage 4,1-year,2013-2017,England,264,53.6,47.5,59.7
Melanoma of Skin,Men,75-99,Non-standardised,Stage 4,1-year,2013-2017,England,330,46.0,40.2,51.7
Melanoma of Skin,Men,All ages,Non-standardised,Stage 4,1-year,2013-2017,England,920,49.7,46.4,53.1
Melanoma of Skin,Men,All ages,Age-standardised,Stage 4,1-year,2013-2017,England,920,50.8,46.8,55.2
Melanoma of Skin,Men,15-44,Non-standardised,Unstageable,1-year,2013-2017,England,,:,:,:
Melanoma of Skin,Men,45-54,Non-standardised,Unstageable,1-year,2013-2017,England,,:,:,:
Melanoma of Skin,Men,55-64,Non-standardised,Unstageable,1-year,2013-2017,England,,:,:,:
Melanoma of Skin,Men,65-74,Non-standardised,Unstageable,1-year,2013-2017,England,3,:,:,:
Melanoma of Skin,Men,75-99,Non-standardised,Unstageable,1-year,2013-2017,England,1,:,:,:
Melanoma of Skin,Men,All ages,Non-standardised,Unstageable,1-year,2013-2017,England,4,:,:,:
Melanoma of Skin,Men,All ages,Age-standardised,Unstageable,1-year,2013-2017,England,4,:,:,:
Melanoma of Skin,Men,15-44,Non-standardised,Unknown/missing,1-year,2013-2017,England,216,95.0,92.0,97.9
Melanoma of Skin,Men,45-54,Non-standardised,Unknown/missing,1-year,2013-2017,England,301,97.2,95.3,99.1
Melanoma of Skin,Men,55-64,Non-standardised,Unknown/missing,1-year,2013-2017,England,432,95.5,93.4,97.6
Melanoma of Skin,Men,65-74,Non-standardised,Unknown/missing,1-year,2013-2017,England,651,93.8,91.7,95.9
Melanoma of Skin,Men,75-99,Non-standardised,Unknown/missing,1-year,2013-2017,England,"1,209",86.2,83.6,88.7
Melanoma of Skin,Men,All ages,Non-standardised,Unknown/missing,1-year,2013-2017,England,"2,809",91.2,89.9,92.5
Melanoma of Skin,Men,All ages,Age-standardised,Unknown/missing,1-year,2013-2017,England,"2,809",93.9,92.8,95.1
Melanoma of Skin,Men,15-44,Non-standardised,All stages combined,1-year,2013-2017,England,"3,514",98.3,97.8,98.7
Melanoma of Skin,Men,45-54,Non-standardised,All stages combined,1-year,2013-2017,England,"4,262",98.3,97.8,98.7
Melanoma of Skin,Men,55-64,Non-standardised,All stages combined,1-year,2013-2017,England,"5,778",97.7,97.2,98.1
Melanoma of Skin,Men,65-74,Non-standardised,All stages combined,1-year,2013-2017,England,"8,335",97.8,97.3,98.2
Melanoma of Skin,Men,75-99,Non-standardised,All stages combined,1-year,2013-2017,England,"9,521",94.6,93.9,95.3
Melanoma of Skin,Men,All ages,Non-standardised,All stages combined,1-year,2013-2017,England,"31,410",96.9,96.6,97.2
Melanoma of Skin,Men,All ages,Age-standardised,All stages combined,1-year,2013-2017,England,"31,410",97.5,97.3,97.7
Melanoma of Skin,Men,15-44,Non-standardised,Stage 1,5-years,2013-2017,England,"2,594",98.8,98.2,99.5
Melanoma of Skin,Men,45-54,Non-standardised,Stage 1,5-years,2013-2017,England,"2,974",99.6,98.9,100.4
Melanoma of Skin,Men,55-64,Non-standardised,Stage 1,5-years,2013-2017,England,"3,713",99.9,98.9,100.9
Melanoma of Skin,Men,65-74,Non-standardised,Stage 1,5-years,2013-2017,England,"4,974",100.5,99.1,101.9
Melanoma of Skin,Men,75-99,Non-standardised,Stage 1,5-years,2013-2017,England,"4,389",94.8,90.9,98.8
Melanoma of Skin,Men,All ages,Non-standardised,Stage 1,5-years,2013-2017,England,"18,644",98.8,97.7,99.8
Melanoma of Skin,Men,All ages,Age-standardised,Stage 1,5-years,2013-2017,England,"18,644",99.0,98.2,99.7
Melanoma of Skin,Men,15-44,Non-standardised,Stage 2,5-years,2013-2017,England,383,81.5,75.8,87.2
Melanoma of Skin,Men,45-54,Non-standardised,Stage 2,5-years,2013-2017,England,581,82.7,78.4,87.0
Melanoma of Skin,Men,55-64,Non-standardised,Stage 2,5-years,2013-2017,England,"1,039",79.3,75.2,83.3
Melanoma of Skin,Men,65-74,Non-standardised,Stage 2,5-years,2013-2017,England,"1,889",76.8,73.5,80.1
Melanoma of Skin,Men,75-99,Non-standardised,Stage 2,5-years,2013-2017,England,"2,982",65.5,60.7,70.2
Melanoma of Skin,Men,All ages,Non-standardised,Stage 2,5-years,2013-2017,England,"6,874",73.1,70.7,75.5
Melanoma of Skin,Men,All ages,Age-standardised,Stage 2,5-years,2013-2017,England,"6,874",77.8,75.7,80.0
Melanoma of Skin,Men,15-44,Non-standardised,Stage 3,5-years,2013-2017,England,251,73.4,65.0,81.8
Melanoma of Skin,Men,45-54,Non-standardised,Stage 3,5-years,2013-2017,England,320,74.2,68.1,80.3
Melanoma of Skin,Men,55-64,Non-standardised,Stage 3,5-years,2013-2017,England,424,63.9,57.1,70.7
Melanoma of Skin,Men,65-74,Non-standardised,Stage 3,5-years,2013-2017,England,554,68.0,61.3,74.6
Melanoma of Skin,Men,75-99,Non-standardised,Stage 3,5-years,2013-2017,England,610,54.8,45.9,63.7
Melanoma of Skin,Men,All ages,Non-standardised,Stage 3,5-years,2013-2017,England,"2,159",65.1,61.4,68.8
Melanoma of Skin,Men,All ages,Age-standardised,Stage 3,5-years,2013-2017,England,"2,159",67.5,64.1,71.0
Melanoma of Skin,Men,15-44,Non-standardised,Stage 4,5-years,2013-2017,England,70,:,:,:
Melanoma of Skin,Men,45-54,Non-standardised,Stage 4,5-years,2013-2017,England,86,:,:,:
Melanoma of Skin,Men,55-64,Non-standardised,Stage 4,5-years,2013-2017,England,170,:,:,:
Melanoma of Skin,Men,65-74,Non-standardised,Stage 4,5-years,2013-2017,England,264,:,:,:
Melanoma of Skin,Men,75-99,Non-standardised,Stage 4,5-years,2013-2017,England,330,:,:,:
Melanoma of Skin,Men,All ages,Non-standardised,Stage 4,5-years,2013-2017,England,920,24.8,20.5,29.1
Melanoma of Skin,Men,All ages,Age-standardised,Stage 4,5-years,2013-2017,England,920,:,:,:
Melanoma of Skin,Men,15-44,Non-standardised,Unstageable,5-years,2013-2017,England,,:,:,:
Melanoma of Skin,Men,45-54,Non-standardised,Unstageable,5-years,2013-2017,England,,:,:,:
Melanoma of Skin,Men,55-64,Non-standardised,Unstageable,5-years,2013-2017,England,,:,:,:
Melanoma of Skin,Men,65-74,Non-standardised,Unstageable,5-years,2013-2017,England,3,:,:,:
Melanoma of Skin,Men,75-99,Non-standardised,Unstageable,5-years,2013-2017,England,1,:,:,:
Melanoma of Skin,Men,All ages,Non-standardised,Unstageable,5-years,2013-2017,England,4,:,:,:
Melanoma of Skin,Men,All ages,Age-standardised,Unstageable,5-years,2013-2017,England,4,:,:,:
Melanoma of Skin,Men,15-54,Non-standardised,Unknown/missing,5-years,2013-2017,England,517,86.1,82.5,89.7
Melanoma of Skin,Men,55-64,Non-standardised,Unknown/missing,5-years,2013-2017,England,432,80.7,75.9,85.4
Melanoma of Skin,Men,65-74,Non-standardised,Unknown/missing,5-years,2013-2017,England,651,80.6,76.2,85.0
Melanoma of Skin,Men,75-99,Non-standardised,Unknown/missing,5-years,2013-2017,England,"1,209",55.5,49.2,61.7
Melanoma of Skin,Men,All ages,Non-standardised,Unknown/missing,5-years,2013-2017,England,"2,809",71.2,68.2,74.3
Melanoma of Skin,Men,All ages,Age-standardised,Unknown/missing,5-years,2013-2017,England,"2,809",78.8,76.5,81.2
Melanoma of Skin,Men,15-44,Non-standardised,All stages combined,5-years,2013-2017,England,"3,514",93.4,92.3,94.5
Melanoma of Skin,Men,45-54,Non-standardised,All stages combined,5-years,2013-2017,England,"4,262",92.8,91.8,93.9
Melanoma of Skin,Men,55-64,Non-standardised,All stages combined,5-years,2013-2017,England,"5,778",90.1,88.9,91.4
Melanoma of Skin,Men,65-74,Non-standardised,All stages combined,5-years,2013-2017,England,"8,335",89.2,87.9,90.5
Melanoma of Skin,Men,75-99,Non-standardised,All stages combined,5-years,2013-2017,England,"9,521",75.1,72.5,77.7
Melanoma of Skin,Men,All ages,Non-standardised,All stages combined,5-years,2013-2017,England,"31,410",86.2,85.2,87.1
Melanoma of Skin,Men,All ages,Age-standardised,All stages combined,5-years,2013-2017,England,"31,410",89.0,88.3,89.7
Melanoma of Skin,Women,15-44,Non-standardised,Stage 1,1-year,2013-2017,England,"5,053",100.0,99.9,100.1
Melanoma of Skin,Women,45-54,Non-standardised,Stage 1,1-year,2013-2017,England,"4,352",100.0,99.9,100.1
Melanoma of Skin,Women,55-64,Non-standardised,Stage 1,1-year,2013-2017,England,"4,048",100.2,100.0,100.3
Melanoma of Skin,Women,65-74,Non-standardised,Stage 1,1-year,2013-2017,England,"4,416",100.6,100.4,100.8
Melanoma of Skin,Women,75-99,Non-standardised,Stage 1,1-year,2013-2017,England,"3,545",102.0,101.4,102.7
Melanoma of Skin,Women,All ages,Non-standardised,Stage 1,1-year,2013-2017,England,"21,414",100.5,100.4,100.6
Melanoma of Skin,Women,All ages,Age-standardised,Stage 1,1-year,2013-2017,England,"21,414",100.4,100.3,100.6
Melanoma of Skin,Women,15-44,Non-standardised,Stage 2,1-year,2013-2017,England,494,99.2,98.5,100.0
Melanoma of Skin,Women,45-54,Non-standardised,Stage 2,1-year,2013-2017,England,601,99.3,98.6,100.1
Melanoma of Skin,Women,55-64,Non-standardised,Stage 2,1-year,2013-2017,England,704,98.3,97.3,99.4
Melanoma of Skin,Women,65-74,Non-standardised,Stage 2,1-year,2013-2017,England,"1,277",98.0,97.0,99.0
Melanoma of Skin,Women,75-99,Non-standardised,Stage 2,1-year,2013-2017,England,"2,224",96.4,95.0,97.8
Melanoma of Skin,Women,All ages,Non-standardised,Stage 2,1-year,2013-2017,England,"5,300",97.6,97.0,98.3
Melanoma of Skin,Women,All ages,Age-standardised,Stage 2,1-year,2013-2017,England,"5,300",98.4,98.0,98.9
Melanoma of Skin,Women,15-44,Non-standardised,Stage 3,1-year,2013-2017,England,243,98.8,97.4,100.2
Melanoma of Skin,Women,45-54,Non-standardised,Stage 3,1-year,2013-2017,England,286,97.7,95.9,99.5
Melanoma of Skin,Women,55-64,Non-standardised,Stage 3,1-year,2013-2017,England,282,95.8,93.4,98.3
Melanoma of Skin,Women,65-74,Non-standardised,Stage 3,1-year,2013-2017,England,340,95.5,93.0,98.0
Melanoma of Skin,Women,75-99,Non-standardised,Stage 3,1-year,2013-2017,England,442,88.0,84.2,91.8
Melanoma of Skin,Women,All ages,Non-standardised,Stage 3,1-year,2013-2017,England,"1,593",94.4,93.1,95.7
Melanoma of Skin,Women,All ages,Age-standardised,Stage 3,1-year,2013-2017,England,"1,593",95.8,94.7,96.8
Melanoma of Skin,Women,15-44,Non-standardised,Stage 4,1-year,2013-2017,England,50,56.0,42.5,69.6
Melanoma of Skin,Women,45-54,Non-standardised,Stage 4,1-year,2013-2017,England,62,71.1,59.9,82.3
Melanoma of Skin,Women,55-64,Non-standardised,Stage 4,1-year,2013-2017,England,77,61.3,50.5,72.1
Melanoma of Skin,Women,65-74,Non-standardised,Stage 4,1-year,2013-2017,England,124,44.9,36.1,53.7
Melanoma of Skin,Women,75-99,Non-standardised,Stage 4,1-year,2013-2017,England,214,47.7,40.6,54.9
Melanoma of Skin,Women,All ages,Non-standardised,Stage 4,1-year,2013-2017,England,527,52.6,48.2,57.0
Melanoma of Skin,Women,All ages,Age-standardised,Stage 4,1-year,2013-2017,England,527,55.6,50.7,61.1
Melanoma of Skin,Women,15-44,Non-standardised,Unstageable,1-year,2013-2017,England,1,:,:,:
Melanoma of Skin,Women,45-54,Non-standardised,Unstageable,1-year,2013-2017,England,2,:,:,:
Melanoma of Skin,Women,55-64,Non-standardised,Unstageable,1-year,2013-2017,England,1,:,:,:
Melanoma of Skin,Women,65-74,Non-standardised,Unstageable,1-year,2013-2017,England,1,:,:,:
Melanoma of Skin,Women,75-99,Non-standardised,Unstageable,1-year,2013-2017,England,,:,:,:
Melanoma of Skin,Women,All ages,Non-standardised,Unstageable,1-year,2013-2017,England,5,:,:,:
Melanoma of Skin,Women,All ages,Age-standardised,Unstageable,1-year,2013-2017,England,5,:,:,:
Melanoma of Skin,Women,15-44,Non-standardised,Unknown/missing,1-year,2013-2017,England,334,98.9,97.7,100.0
Melanoma of Skin,Women,45-54,Non-standardised,Unknown/missing,1-year,2013-2017,England,270,98.7,97.3,100.1
Melanoma of Skin,Women,55-64,Non-standardised,Unknown/missing,1-year,2013-2017,England,327,98.0,96.3,99.7
Melanoma of Skin,Women,65-74,Non-standardised,Unknown/missing,1-year,2013-2017,England,486,96.1,94.2,98.1
Melanoma of Skin,Women,75-99,Non-standardised,Unknown/missing,1-year,2013-2017,England,990,89.8,87.1,92.4
Melanoma of Skin,Women,All ages,Non-standardised,Unknown/missing,1-year,2013-2017,England,"2,407",94.4,93.2,95.6
Melanoma of Skin,Women,All ages,Age-standardised,Unknown/missing,1-year,2013-2017,England,"2,407",96.8,96.0,97.5
Melanoma of Skin,Women,15-44,Non-standardised,All stages combined,1-year,2013-2017,England,"6,175",99.5,99.3,99.7
Melanoma of Skin,Women,45-54,Non-standardised,All stages combined,1-year,2013-2017,England,"5,573",99.5,99.2,99.7
Melanoma of Skin,Women,55-64,Non-standardised,All stages combined,1-year,2013-2017,England,"5,439",99.0,98.7,99.4
Melanoma of Skin,Women,65-74,Non-standardised,All stages combined,1-year,2013-2017,England,"6,644",98.5,98.1,98.9
Melanoma of Skin,Women,75-99,Non-standardised,All stages combined,1-year,2013-2017,England,"7,415",96.3,95.6,97.1
Melanoma of Skin,Women,All ages,Non-standardised,All stages combined,1-year,2013-2017,England,"31,246",98.4,98.2,98.7
Melanoma of Skin,Women,All ages,Age-standardised,All stages combined,1-year,2013-2017,England,"31,246",98.7,98.6,98.9
Melanoma of Skin,Women,15-44,Non-standardised,Stage 1,5-years,2013-2017,England,"5,053",99.6,99.3,99.9
Melanoma of Skin,Women,45-54,Non-standardised,Stage 1,5-years,2013-2017,England,"4,352",98.9,98.2,99.5
Melanoma of Skin,Women,55-64,Non-standardised,Stage 1,5-years,2013-2017,England,"4,048",100.0,99.3,100.7
Melanoma of Skin,Women,65-74,Non-standardised,Stage 1,5-years,2013-2017,England,"4,416",100.3,99.0,101.5
Melanoma of Skin,Women,75-99,Non-standardised,Stage 1,5-years,2013-2017,England,"3,545",103.8,100.2,107.5
Melanoma of Skin,Women,All ages,Non-standardised,Stage 1,5-years,2013-2017,England,"21,414",100.4,99.7,101.1
Melanoma of Skin,Women,All ages,Age-standardised,Stage 1,5-years,2013-2017,England,"21,414",100.3,99.7,100.9
Melanoma of Skin,Women,15-44,Non-standardised,Stage 2,5-years,2013-2017,England,494,91.8,87.9,95.8
Melanoma of Skin,Women,45-54,Non-standardised,Stage 2,5-years,2013-2017,England,601,87.5,83.1,91.9
Melanoma of Skin,Women,55-64,Non-standardised,Stage 2,5-years,2013-2017,England,704,79.0,74.1,83.9
Melanoma of Skin,Women,65-74,Non-standardised,Stage 2,5-years,2013-2017,England,"1,277",84.1,80.3,87.9
Melanoma of Skin,Women,75-99,Non-standardised,Stage 2,5-years,2013-2017,England,"2,224",67.5,61.9,73.0
Melanoma of Skin,Women,All ages,Non-standardised,Stage 2,5-years,2013-2017,England,"5,300",77.6,74.9,80.3
Melanoma of Skin,Women,All ages,Age-standardised,Stage 2,5-years,2013-2017,England,"5,300",83.0,81.0,85.1
Melanoma of Skin,Women,15-54,Non-standardised,Stage 3,5-years,2013-2017,England,529,82.1,77.7,86.6
Melanoma of Skin,Women,55-64,Non-standardised,Stage 3,5-years,2013-2017,England,282,76.1,69.4,82.8
Melanoma of Skin,Women,65-74,Non-standardised,Stage 3,5-years,2013-2017,England,340,68.1,60.5,75.7
Melanoma of Skin,Women,75-99,Non-standardised,Stage 3,5-years,2013-2017,England,442,55.6,44.0,67.1
Melanoma of Skin,Women,All ages,Non-standardised,Stage 3,5-years,2013-2017,England,"1,593",71.1,67.1,75.0
Melanoma of Skin,Women,All ages,Age-standardised,Stage 3,5-years,2013-2017,England,"1,593",73.7,70.3,77.3
Melanoma of Skin,Women,15-44,Non-standardised,Stage 4,5-years,2013-2017,England,50,:,:,:
Melanoma of Skin,Women,45-54,Non-standardised,Stage 4,5-years,2013-2017,England,62,:,:,:
Melanoma of Skin,Women,55-64,Non-standardised,Stage 4,5-years,2013-2017,England,77,:,:,:
Melanoma of Skin,Women,65-74,Non-standardised,Stage 4,5-years,2013-2017,England,124,:,:,:
Melanoma of Skin,Women,75-99,Non-standardised,Stage 4,5-years,2013-2017,England,214,:,:,:
Melanoma of Skin,Women,All ages,Non-standardised,Stage 4,5-years,2013-2017,England,527,26.6,20.1,33.1
Melanoma of Skin,Women,All ages,Age-standardised,Stage 4,5-years,2013-2017,England,527,:,:,:
Melanoma of Skin,Women,15-44,Non-standardised,Unstageable,5-years,2013-2017,England,1,:,:,:
Melanoma of Skin,Women,45-54,Non-standardised,Unstageable,5-years,2013-2017,England,2,:,:,:
Melanoma of Skin,Women,55-64,Non-standardised,Unstageable,5-years,2013-2017,England,1,:,:,:
Melanoma of Skin,Women,65-74,Non-standardised,Unstageable,5-years,2013-2017,England,1,:,:,:
Melanoma of Skin,Women,75-99,Non-standardised,Unstageable,5-years,2013-2017,England,,:,:,:
Melanoma of Skin,Women,All ages,Non-standardised,Unstageable,5-years,2013-2017,England,5,:,:,:
Melanoma of Skin,Women,All ages,Age-standardised,Unstageable,5-years,2013-2017,England,5,:,:,:
Melanoma of Skin,Women,15-54,Non-standardised,Unknown/missing,5-years,2013-2017,England,604,93.5,91.1,95.9
Melanoma of Skin,Women,55-64,Non-standardised,Unknown/missing,5-years,2013-2017,England,327,88.6,84.1,93.1
Melanoma of Skin,Women,65-74,Non-standardised,Unknown/missing,5-years,2013-2017,England,486,84.6,80.1,89.1
Melanoma of Skin,Women,75-99,Non-standardised,Unknown/missing,5-years,2013-2017,England,990,62.6,55.7,69.4
Melanoma of Skin,Women,All ages,Non-standardised,Unknown/missing,5-years,2013-2017,England,"2,407",78.4,75.3,81.5
Melanoma of Skin,Women,All ages,Age-standardised,Unknown/missing,5-years,2013-2017,England,"2,407",85.6,83.6,87.8
Melanoma of Skin,Women,15-44,Non-standardised,All stages combined,5-years,2013-2017,England,"6,175",97.6,97.0,98.1
Melanoma of Skin,Women,45-54,Non-standardised,All stages combined,5-years,2013-2017,England,"5,573",95.8,95.0,96.7
Melanoma of Skin,Women,55-64,Non-standardised,All stages combined,5-years,2013-2017,England,"5,439",94.5,93.5,95.5
Melanoma of Skin,Women,65-74,Non-standardised,All stages combined,5-years,2013-2017,England,"6,644",92.9,91.6,94.1
Melanoma of Skin,Women,75-99,Non-standardised,All stages combined,5-years,2013-2017,England,"7,415",82.3,79.5,85.0
Melanoma of Skin,Women,All ages,Non-standardised,All stages combined,5-years,2013-2017,England,"31,246",92.2,91.4,92.9
Melanoma of Skin,Women,All ages,Age-standardised,All stages combined,5-years,2013-2017,England,"31,246",93.4,92.8,94.0
Melanoma of Skin,Persons,15-44,Non-standardised,Stage 1,1-year,2013-2017,England,"7,647",100.0,99.9,100.0
Melanoma of Skin,Persons,45-54,Non-standardised,Stage 1,1-year,2013-2017,England,"7,326",100.0,99.9,100.1
Melanoma of Skin,Persons,55-64,Non-standardised,Stage 1,1-year,2013-2017,England,"7,761",100.2,100.0,100.3
Melanoma of Skin,Persons,65-74,Non-standardised,Stage 1,1-year,2013-2017,England,"9,390",100.8,100.7,101.0
Melanoma of Skin,Persons,75-99,Non-standardised,Stage 1,1-year,2013-2017,England,"7,934",101.8,101.3,102.3
Melanoma of Skin,Persons,All ages,Non-standardised,Stage 1,1-year,2013-2017,England,"40,058",100.6,100.5,100.7
Melanoma of Skin,Persons,All ages,Age-standardised,Stage 1,1-year,2013-2017,England,"40,058",100.4,100.4,100.5
Melanoma of Skin,Persons,15-44,Non-standardised,Stage 2,1-year,2013-2017,England,877,98.9,98.2,99.6
Melanoma of Skin,Persons,45-54,Non-standardised,Stage 2,1-year,2013-2017,England,"1,182",99.4,98.9,99.9
Melanoma of Skin,Persons,55-64,Non-standardised,Stage 2,1-year,2013-2017,England,"1,743",98.6,97.9,99.3
Melanoma of Skin,Persons,65-74,Non-standardised,Stage 2,1-year,2013-2017,England,"3,166",97.8,97.1,98.5
Melanoma of Skin,Persons,75-99,Non-standardised,Stage 2,1-year,2013-2017,England,"5,206",95.4,94.4,96.4
Melanoma of Skin,Persons,All ages,Non-standardised,Stage 2,1-year,2013-2017,England,"12,174",97.1,96.7,97.6
Melanoma of Skin,Persons,All ages,Age-standardised,Stage 2,1-year,2013-2017,England,"12,174",98.2,97.9,98.5
Melanoma of Skin,Persons,15-44,Non-standardised,Stage 3,1-year,2013-2017,England,494,97.2,95.8,98.7
Melanoma of Skin,Persons,45-54,Non-standardised,Stage 3,1-year,2013-2017,England,606,96.3,94.7,97.8
Melanoma of Skin,Persons,55-64,Non-standardised,Stage 3,1-year,2013-2017,England,706,94.8,93.0,96.5
Melanoma of Skin,Persons,65-74,Non-standardised,Stage 3,1-year,2013-2017,England,894,94.9,93.3,96.6
Melanoma of Skin,Persons,75-99,Non-standardised,Stage 3,1-year,2013-2017,England,"1,052",87.5,85.0,90.0
Melanoma of Skin,Persons,All ages,Non-standardised,Stage 3,1-year,2013-2017,England,"3,752",93.3,92.4,94.3
Melanoma of Skin,Persons,All ages,Age-standardised,Stage 3,1-year,2013-2017,England,"3,752",94.7,93.9,95.5
Melanoma of Skin,Persons,15-44,Non-standardised,Stage 4,1-year,2013-2017,England,120,55.0,46.2,63.9
Melanoma of Skin,Persons,45-54,Non-standardised,Stage 4,1-year,2013-2017,England,148,56.9,48.9,64.9
Melanoma of Skin,Persons,55-64,Non-standardised,Stage 4,1-year,2013-2017,England,247,54.0,47.8,60.2
Melanoma of Skin,Persons,65-74,Non-standardised,Stage 4,1-year,2013-2017,England,388,50.8,45.8,55.8
Melanoma of Skin,Persons,75-99,Non-standardised,Stage 4,1-year,2013-2017,England,544,46.7,42.2,51.2
Melanoma of Skin,Persons,All ages,Non-standardised,Stage 4,1-year,2013-2017,England,"1,447",50.8,48.1,53.4
Melanoma of Skin,Persons,All ages,Age-standardised,Stage 4,1-year,2013-2017,England,"1,447",53.0,49.9,56.4
Melanoma of Skin,Persons,15-44,Non-standardised,Unstageable,1-year,2013-2017,England,1,:,:,:
Melanoma of Skin,Persons,45-54,Non-standardised,Unstageable,1-year,2013-2017,England,2,:,:,:
Melanoma of Skin,Persons,55-64,Non-standardised,Unstageable,1-year,2013-2017,England,1,:,:,:
Melanoma of Skin,Persons,65-74,Non-standardised,Unstageable,1-year,2013-2017,England,4,:,:,:
Melanoma of Skin,Persons,75-99,Non-standardised,Unstageable,1-year,2013-2017,England,1,:,:,:
Melanoma of Skin,Persons,All ages,Non-standardised,Unstageable,1-year,2013-2017,England,9,:,:,:
Melanoma of Skin,Persons,All ages,Age-standardised,Unstageable,1-year,2013-2017,England,9,:,:,:
Melanoma of Skin,Persons,15-44,Non-standardised,Unknown/missing,1-year,2013-2017,England,550,97.3,96.0,98.7
Melanoma of Skin,Persons,45-54,Non-standardised,Unknown/missing,1-year,2013-2017,England,571,97.9,96.7,99.2
Melanoma of Skin,Persons,55-64,Non-standardised,Unknown/missing,1-year,2013-2017,England,759,96.6,95.2,98.0
Melanoma of Skin,Persons,65-74,Non-standardised,Unknown/missing,1-year,2013-2017,England,"1,137",94.8,93.3,96.3
Melanoma of Skin,Persons,75-99,Non-standardised,Unknown/missing,1-year,2013-2017,England,"2,199",87.8,86.0,89.6
Melanoma of Skin,Persons,All ages,Non-standardised,Unknown/missing,1-year,2013-2017,England,"5,216",92.7,91.8,93.6
Melanoma of Skin,Persons,All ages,Age-standardised,Unknown/missing,1-year,2013-2017,England,"5,216",95.4,94.7,96.0
Melanoma of Skin,Persons,15-44,Non-standardised,All stages combined,1-year,2013-2017,England,"9,689",99.0,98.8,99.2
Melanoma of Skin,Persons,45-54,Non-standardised,All stages combined,1-year,2013-2017,England,"9,835",98.9,98.7,99.2
Melanoma of Skin,Persons,55-64,Non-standardised,All stages combined,1-year,2013-2017,England,"11,217",98.3,98.1,98.6
Melanoma of Skin,Persons,65-74,Non-standardised,All stages combined,1-year,2013-2017,England,"14,979",98.1,97.8,98.4
Melanoma of Skin,Persons,75-99,Non-standardised,All stages combined,1-year,2013-2017,England,"16,936",95.4,94.8,95.9
Melanoma of Skin,Persons,All ages,Non-standardised,All stages combined,1-year,2013-2017,England,"62,656",97.7,97.5,97.8
Melanoma of Skin,Persons,All ages,Age-standardised,All stages combined,1-year,2013-2017,England,"62,656",98.2,98.0,98.3
Melanoma of Skin,Persons,15-44,Non-standardised,Stage 1,5-years,2013-2017,England,"7,647",99.3,99.0,99.7
Melanoma of Skin,Persons,45-54,Non-standardised,Stage 1,5-years,2013-2017,England,"7,326",99.2,98.7,99.7
Melanoma of Skin,Persons,55-64,Non-standardised,Stage 1,5-years,2013-2017,England,"7,761",99.9,99.3,100.6
Melanoma of Skin,Persons,65-74,Non-standardised,Stage 1,5-years,2013-2017,England,"9,390",100.4,99.4,101.3
Melanoma of Skin,Persons,75-99,Non-standardised,Stage 1,5-years,2013-2017,England,"7,934",99.0,96.3,101.8
Melanoma of Skin,Persons,All ages,Non-standardised,Stage 1,5-years,2013-2017,England,"40,058",99.6,99.0,100.2
Melanoma of Skin,Persons,All ages,Age-standardised,Stage 1,5-years,2013-2017,England,"40,058",99.6,99.1,100.1
Melanoma of Skin,Persons,15-44,Non-standardised,Stage 2,5-years,2013-2017,England,877,87.4,84.0,90.7
Melanoma of Skin,Persons,45-54,Non-standardised,Stage 2,5-years,2013-2017,England,"1,182",85.0,81.8,88.1
Melanoma of Skin,Persons,55-64,Non-standardised,Stage 2,5-years,2013-2017,England,"1,743",79.2,76.0,82.3
Melanoma of Skin,Persons,65-74,Non-standardised,Stage 2,5-years,2013-2017,England,"3,166",79.6,77.1,82.1
Melanoma of Skin,Persons,75-99,Non-standardised,Stage 2,5-years,2013-2017,England,"5,206",66.3,62.7,70.0
Melanoma of Skin,Persons,All ages,Non-standardised,Stage 2,5-years,2013-2017,England,"12,174",75.0,73.2,76.8
Melanoma of Skin,Persons,All ages,Age-standardised,Stage 2,5-years,2013-2017,England,"12,174",80.4,79.0,81.9
Melanoma of Skin,Persons,15-44,Non-standardised,Stage 3,5-years,2013-2017,England,494,79.1,73.9,84.4
Melanoma of Skin,Persons,45-54,Non-standardised,Stage 3,5-years,2013-2017,England,606,76.8,72.5,81.2
Melanoma of Skin,Persons,55-64,Non-standardised,Stage 3,5-years,2013-2017,England,706,68.8,63.9,73.7
Melanoma of Skin,Persons,65-74,Non-standardised,Stage 3,5-years,2013-2017,England,894,67.7,62.7,72.7
Melanoma of Skin,Persons,75-99,Non-standardised,Stage 3,5-years,2013-2017,England,"1,052",55.6,48.6,62.7
Melanoma of Skin,Persons,All ages,Non-standardised,Stage 3,5-years,2013-2017,England,"3,752",67.6,65.0,70.3
Melanoma of Skin,Persons,All ages,Age-standardised,Stage 3,5-years,2013-2017,England,"3,752",70.6,68.1,73.0
Melanoma of Skin,Persons,15-44,Non-standardised,Stage 4,5-years,2013-2017,England,120,:,:,:
Melanoma of Skin,Persons,45-54,Non-standardised,Stage 4,5-years,2013-2017,England,148,38.9,29.0,48.7
Melanoma of Skin,Persons,55-64,Non-standardised,Stage 4,5-years,2013-2017,England,247,:,:,:
Melanoma of Skin,Persons,65-74,Non-standardised,Stage 4,5-years,2013-2017,England,388,25.2,19.5,30.9
Melanoma of Skin,Persons,75-99,Non-standardised,Stage 4,5-years,2013-2017,England,544,17.4,10.8,24.0
Melanoma of Skin,Persons,All ages,Non-standardised,Stage 4,5-years,2013-2017,England,"1,447",25.3,21.7,29.0
Melanoma of Skin,Persons,All ages,Age-standardised,Stage 4,5-years,2013-2017,England,"1,447",:,:,:
Melanoma of Skin,Persons,15-44,Non-standardised,Unstageable,5-years,2013-2017,England,1,:,:,:
Melanoma of Skin,Persons,45-54,Non-standardised,Unstageable,5-years,2013-2017,England,2,:,:,:
Melanoma of Skin,Persons,55-64,Non-standardised,Unstageable,5-years,2013-2017,England,1,:,:,:
Melanoma of Skin,Persons,65-74,Non-standardised,Unstageable,5-years,2013-2017,England,4,:,:,:
Melanoma of Skin,Persons,75-99,Non-standardised,Unstageable,5-years,2013-2017,England,1,:,:,:
Melanoma of Skin,Persons,All ages,Non-standardised,Unstageable,5-years,2013-2017,England,9,:,:,:
Melanoma of Skin,Persons,All ages,Age-standardised,Unstageable,5-years,2013-2017,England,9,:,:,:
Melanoma of Skin,Persons,15-44,Non-standardised,Unknown/missing,5-years,2013-2017,England,550,92.3,89.7,94.8
Melanoma of Skin,Persons,45-54,Non-standardised,Unknown/missing,5-years,2013-2017,England,571,87.9,84.6,91.2
Melanoma of Skin,Persons,55-64,Non-standardised,Unknown/missing,5-years,2013-2017,England,759,84.1,80.8,87.4
Melanoma of Skin,Persons,65-74,Non-standardised,Unknown/missing,5-years,2013-2017,England,"1,137",82.3,79.1,85.5
Melanoma of Skin,Persons,75-99,Non-standardised,Unknown/missing,5-years,2013-2017,England,"2,199",58.7,54.1,63.4
Melanoma of Skin,Persons,All ages,Non-standardised,Unknown/missing,5-years,2013-2017,England,"5,216",74.6,72.4,76.7
Melanoma of Skin,Persons,All ages,Age-standardised,Unknown/missing,5-years,2013-2017,England,"5,216",82.3,80.8,83.9
Melanoma of Skin,Persons,15-44,Non-standardised,All stages combined,5-years,2013-2017,England,"9,689",96.1,95.6,96.6
Melanoma of Skin,Persons,45-54,Non-standardised,All stages combined,5-years,2013-2017,England,"9,835",94.5,93.9,95.2
Melanoma of Skin,Persons,55-64,Non-standardised,All stages combined,5-years,2013-2017,England,"11,217",92.3,91.5,93.1
Melanoma of Skin,Persons,65-74,Non-standardised,All stages combined,5-years,2013-2017,England,"14,979",90.8,89.9,91.7
Melanoma of Skin,Persons,75-99,Non-standardised,All stages combined,5-years,2013-2017,England,"16,936",78.3,76.4,80.2
Melanoma of Skin,Persons,All ages,Non-standardised,All stages combined,5-years,2013-2017,England,"62,656",89.2,88.6,89.8
Melanoma of Skin,Persons,All ages,Age-standardised,All stages combined,5-years,2013-2017,England,"62,656",91.3,90.8,91.7
Mesothelioma,Men,15-54,Non-standardised,Stage 1,1-year,2013-2017,England,14,64.5,40.4,88.6
Mesothelioma,Men,55-64,Non-standardised,Stage 1,1-year,2013-2017,England,76,59.7,48.6,70.7
Mesothelioma,Men,65-74,Non-standardised,Stage 1,1-year,2013-2017,England,297,66.6,61.1,72.1
Mesothelioma,Men,75-99,Non-standardised,Stage 1,1-year,2013-2017,England,441,49.1,44.1,54.1
Mesothelioma,Men,All ages,Non-standardised,Stage 1,1-year,2013-2017,England,828,56.6,53.1,60.2
Mesothelioma,Men,All ages,Age-standardised,Stage 1,1-year,2013-2017,England,828,59.1,53.9,64.7
Mesothelioma,Men,15-44,Non-standardised,Stage 2,1-year,2013-2017,England,1,:,:,:
Mesothelioma,Men,45-54,Non-standardised,Stage 2,1-year,2013-2017,England,,:,:,:
Mesothelioma,Men,55-64,Non-standardised,Stage 2,1-year,2013-2017,England,53,70.3,58.0,82.6
Mesothelioma,Men,65-74,Non-standardised,Stage 2,1-year,2013-2017,England,225,63.8,57.4,70.2
Mesothelioma,Men,75-99,Non-standardised,Stage 2,1-year,2013-2017,England,251,46.2,39.6,52.7
Mesothelioma,Men,All ages,Non-standardised,Stage 2,1-year,2013-2017,England,530,56.2,51.8,60.6
Mesothelioma,Men,All ages,Age-standardised,Stage 2,1-year,2013-2017,England,530,:,:,:
Mesothelioma,Men,15-54,Non-standardised,Stage 3,1-year,2013-2017,England,22,68.4,49.4,87.4
Mesothelioma,Men,55-64,Non-standardised,Stage 3,1-year,2013-2017,England,150,53.7,45.7,61.7
Mesothelioma,Men,65-74,Non-standardised,Stage 3,1-year,2013-2017,England,595,51.2,47.1,55.2
Mesothelioma,Men,75-99,Non-standardised,Stage 3,1-year,2013-2017,England,682,32.7,29.0,36.4
Mesothelioma,Men,All ages,Non-standardised,Stage 3,1-year,2013-2017,England,"1,449",43.0,40.4,45.7
Mesothelioma,Men,All ages,Age-standardised,Stage 3,1-year,2013-2017,England,"1,449",48.0,44.6,51.7
Mesothelioma,Men,15-54,Non-standardised,Stage 4,1-year,2013-2017,England,35,54.5,38.2,70.7
Mesothelioma,Men,55-64,Non-standardised,Stage 4,1-year,2013-2017,England,231,36.4,30.1,42.6
Mesothelioma,Men,65-74,Non-standardised,Stage 4,1-year,2013-2017,England,733,28.5,25.2,31.8
Mesothelioma,Men,75-99,Non-standardised,Stage 4,1-year,2013-2017,England,"1,041",17.0,14.6,19.3
Mesothelioma,Men,All ages,Non-standardised,Stage 4,1-year,2013-2017,England,"2,040",24.0,22.1,25.9
Mesothelioma,Men,All ages,Age-standardised,Stage 4,1-year,2013-2017,England,"2,040",29.3,26.9,32.0
Mesothelioma,Men,15-54,Non-standardised,Unstageable,1-year,2013-2017,England,27,55.7,37.4,74.0
Mesothelioma,Men,55-64,Non-standardised,Unstageable,1-year,2013-2017,England,27,52.3,33.8,70.8
Mesothelioma,Men,65-74,Non-standardised,Unstageable,1-year,2013-2017,England,132,38.6,30.2,47.0
Mesothelioma,Men,75-99,Non-standardised,Unstageable,1-year,2013-2017,England,112,21.5,13.7,29.2
Mesothelioma,Men,All ages,Non-standardised,Unstageable,1-year,2013-2017,England,298,35.0,29.5,40.5
Mesothelioma,Men,All ages,Age-standardised,Unstageable,1-year,2013-2017,England,298,37.4,31.9,43.9
Mesothelioma,Men,15-54,Non-standardised,Unknown/missing,1-year,2013-2017,England,50,52.4,38.4,66.3
Mesothelioma,Men,55-64,Non-standardised,Unknown/missing,1-year,2013-2017,England,390,55.0,50.0,59.9
Mesothelioma,Men,65-74,Non-standardised,Unknown/missing,1-year,2013-2017,England,"1,463",47.4,44.8,50.0
Mesothelioma,Men,75-99,Non-standardised,Unknown/missing,1-year,2013-2017,England,"2,592",29.6,27.8,31.5
Mesothelioma,Men,All ages,Non-standardised,Unknown/missing,1-year,2013-2017,England,"4,495",37.9,36.4,39.3
Mesothelioma,Men,All ages,Age-standardised,Unknown/missing,1-year,2013-2017,England,"4,495",43.6,41.1,46.3
Mesothelioma,Men,15-54,Non-standardised,All stages combined,1-year,2013-2017,England,149,57.3,49.4,65.3
Mesothelioma,Men,55-64,Non-standardised,All stages combined,1-year,2013-2017,England,927,51.3,48.1,54.6
Mesothelioma,Men,65-74,Non-standardised,All stages combined,1-year,2013-2017,England,"3,445",46.4,44.7,48.1
Mesothelioma,Men,75-99,Non-standardised,All stages combined,1-year,2013-2017,England,"5,119",29.8,28.5,31.1
Mesothelioma,Men,All ages,Non-standardised,All stages combined,1-year,2013-2017,England,"9,640",38.2,37.2,39.2
Mesothelioma,Men,All ages,Age-standardised,All stages combined,1-year,2013-2017,England,"9,640",43.5,42.0,45.0
Mesothelioma,Men,15-44,Non-standardised,Stage 1,5-years,2013-2017,England,2,:,:,:
Mesothelioma,Men,45-54,Non-standardised,Stage 1,5-years,2013-2017,England,12,:,:,:
Mesothelioma,Men,55-64,Non-standardised,Stage 1,5-years,2013-2017,England,76,:,:,:
Mesothelioma,Men,65-74,Non-standardised,Stage 1,5-years,2013-2017,England,297,:,:,:
Mesothelioma,Men,75-99,Non-standardised,Stage 1,5-years,2013-2017,England,441,:,:,:
Mesothelioma,Men,All ages,Non-standardised,Stage 1,5-years,2013-2017,England,828,:,:,:
Mesothelioma,Men,All ages,Age-standardised,Stage 1,5-years,2013-2017,England,828,:,:,:
Mesothelioma,Men,15-44,Non-standardised,Stage 2,5-years,2013-2017,England,1,:,:,:
Mesothelioma,Men,45-54,Non-standardised,Stage 2,5-years,2013-2017,England,,:,:,:
Mesothelioma,Men,55-64,Non-standardised,Stage 2,5-years,2013-2017,England,53,:,:,:
Mesothelioma,Men,65-74,Non-standardised,Stage 2,5-years,2013-2017,England,225,:,:,:
Mesothelioma,Men,75-99,Non-standardised,Stage 2,5-years,2013-2017,England,251,:,:,:
Mesothelioma,Men,All ages,Non-standardised,Stage 2,5-years,2013-2017,England,530,:,:,:
Mesothelioma,Men,All ages,Age-standardised,Stage 2,5-years,2013-2017,England,530,:,:,:
Mesothelioma,Men,15-44,Non-standardised,Stage 3,5-years,2013-2017,England,3,:,:,:
Mesothelioma,Men,45-54,Non-standardised,Stage 3,5-years,2013-2017,England,19,:,:,:
Mesothelioma,Men,55-64,Non-standardised,Stage 3,5-years,2013-2017,England,150,:,:,:
Mesothelioma,Men,65-74,Non-standardised,Stage 3,5-years,2013-2017,England,595,:,:,:
Mesothelioma,Men,75-99,Non-standardised,Stage 3,5-years,2013-2017,England,682,:,:,:
Mesothelioma,Men,All ages,Non-standardised,Stage 3,5-years,2013-2017,England,"1,449",:,:,:
Mesothelioma,Men,All ages,Age-standardised,Stage 3,5-years,2013-2017,England,"1,449",:,:,:
Mesothelioma,Men,15-44,Non-standardised,Stage 4,5-years,2013-2017,England,5,:,:,:
Mesothelioma,Men,45-54,Non-standardised,Stage 4,5-years,2013-2017,England,30,:,:,:
Mesothelioma,Men,55-64,Non-standardised,Stage 4,5-years,2013-2017,England,231,:,:,:
Mesothelioma,Men,65-74,Non-standardised,Stage 4,5-years,2013-2017,England,733,:,:,:
Mesothelioma,Men,75-99,Non-standardised,Stage 4,5-years,2013-2017,England,"1,041",:,:,:
Mesothelioma,Men,All ages,Non-standardised,Stage 4,5-years,2013-2017,England,"2,040",:,:,:
Mesothelioma,Men,All ages,Age-standardised,Stage 4,5-years,2013-2017,England,"2,040",:,:,:
Mesothelioma,Men,15-44,Non-standardised,Unstageable,5-years,2013-2017,England,5,:,:,:
Mesothelioma,Men,45-54,Non-standardised,Unstageable,5-years,2013-2017,England,22,:,:,:
Mesothelioma,Men,55-64,Non-standardised,Unstageable,5-years,2013-2017,England,27,:,:,:
Mesothelioma,Men,65-74,Non-standardised,Unstageable,5-years,2013-2017,England,132,:,:,:
Mesothelioma,Men,75-99,Non-standardised,Unstageable,5-years,2013-2017,England,112,:,:,:
Mesothelioma,Men,All ages,Non-standardised,Unstageable,5-years,2013-2017,England,298,:,:,:
Mesothelioma,Men,All ages,Age-standardised,Unstageable,5-years,2013-2017,England,298,:,:,:
Mesothelioma,Men,15-44,Non-standardised,Unknown/missing,5-years,2013-2017,England,7,:,:,:
Mesothelioma,Men,45-54,Non-standardised,Unknown/missing,5-years,2013-2017,England,43,:,:,:
Mesothelioma,Men,55-64,Non-standardised,Unknown/missing,5-years,2013-2017,England,390,:,:,:
Mesothelioma,Men,65-74,Non-standardised,Unknown/missing,5-years,2013-2017,England,"1,463",4.2,2.7,5.7
Mesothelioma,Men,75-99,Non-standardised,Unknown/missing,5-years,2013-2017,England,"2,592",2.9,1.8,3.9
Mesothelioma,Men,All ages,Non-standardised,Unknown/missing,5-years,2013-2017,England,"4,495",4.0,3.1,4.8
Mesothelioma,Men,All ages,Age-standardised,Unknown/missing,5-years,2013-2017,England,"4,495",:,:,:
Mesothelioma,Men,15-44,Non-standardised,All stages combined,5-years,2013-2017,England,23,:,:,:
Mesothelioma,Men,45-54,Non-standardised,All stages combined,5-years,2013-2017,England,126,:,:,:
Mesothelioma,Men,55-64,Non-standardised,All stages combined,5-years,2013-2017,England,927,8.9,6.6,11.1
Mesothelioma,Men,65-74,Non-standardised,All stages combined,5-years,2013-2017,England,"3,445",3.9,2.8,5.1
Mesothelioma,Men,75-99,Non-standardised,All stages combined,5-years,2013-2017,England,"5,119",3.0,2.1,3.9
Mesothelioma,Men,All ages,Non-standardised,All stages combined,5-years,2013-2017,England,"9,640",4.2,3.5,4.9
Mesothelioma,Men,All ages,Age-standardised,All stages combined,5-years,2013-2017,England,"9,640",:,:,:
Mesothelioma,Women,15-44,Non-standardised,Stage 1,1-year,2013-2017,England,,:,:,:
Mesothelioma,Women,45-54,Non-standardised,Stage 1,1-year,2013-2017,England,4,:,:,:
Mesothelioma,Women,55-64,Non-standardised,Stage 1,1-year,2013-2017,England,9,:,:,:
Mesothelioma,Women,65-74,Non-standardised,Stage 1,1-year,2013-2017,England,46,72.6,59.6,85.7
Mesothelioma,Women,75-99,Non-standardised,Stage 1,1-year,2013-2017,England,73,57.6,45.6,69.6
Mesothelioma,Women,All ages,Non-standardised,Stage 1,1-year,2013-2017,England,132,62.5,53.9,71.1
Mesothelioma,Women,All ages,Age-standardised,Stage 1,1-year,2013-2017,England,132,:,:,:
Mesothelioma,Women,15-44,Non-standardised,Stage 2,1-year,2013-2017,England,1,:,:,:
Mesothelioma,Women,45-54,Non-standardised,Stage 2,1-year,2013-2017,England,2,:,:,:
Mesothelioma,Women,55-64,Non-standardised,Stage 2,1-year,2013-2017,England,14,100.0,100.0,100.0
Mesothelioma,Women,65-74,Non-standardised,Stage 2,1-year,2013-2017,England,42,67.3,53.1,81.5
Mesothelioma,Women,75-99,Non-standardised,Stage 2,1-year,2013-2017,England,61,41.5,28.8,54.3
Mesothelioma,Women,All ages,Non-standardised,Stage 2,1-year,2013-2017,England,120,58.9,49.8,68.1
Mesothelioma,Women,All ages,Age-standardised,Stage 2,1-year,2013-2017,England,120,:,:,:
Mesothelioma,Women,15-44,Non-standardised,Stage 3,1-year,2013-2017,England,1,:,:,:
Mesothelioma,Women,45-54,Non-standardised,Stage 3,1-year,2013-2017,England,12,:,:,:
Mesothelioma,Women,55-64,Non-standardised,Stage 3,1-year,2013-2017,England,37,70.6,56.0,85.2
Mesothelioma,Women,65-74,Non-standardised,Stage 3,1-year,2013-2017,England,107,58.7,49.3,68.1
Mesothelioma,Women,75-99,Non-standardised,Stage 3,1-year,2013-2017,England,131,44.4,35.5,53.3
Mesothelioma,Women,All ages,Non-standardised,Stage 3,1-year,2013-2017,England,288,53.5,47.6,59.5
Mesothelioma,Women,All ages,Age-standardised,Stage 3,1-year,2013-2017,England,288,:,:,:
Mesothelioma,Women,15-44,Non-standardised,Stage 4,1-year,2013-2017,England,2,:,:,:
Mesothelioma,Women,45-54,Non-standardised,Stage 4,1-year,2013-2017,England,13,:,:,:
Mesothelioma,Women,55-64,Non-standardised,Stage 4,1-year,2013-2017,England,52,38.7,25.6,51.7
Mesothelioma,Women,65-74,Non-standardised,Stage 4,1-year,2013-2017,England,161,37.8,30.2,45.3
Mesothelioma,Women,75-99,Non-standardised,Stage 4,1-year,2013-2017,England,209,28.6,22.3,35.0
Mesothelioma,Women,All ages,Non-standardised,Stage 4,1-year,2013-2017,England,437,33.4,28.8,37.9
Mesothelioma,Women,All ages,Age-standardised,Stage 4,1-year,2013-2017,England,437,:,:,:
Mesothelioma,Women,15-44,Non-standardised,Unstageable,1-year,2013-2017,England,18,72.3,52.2,92.3
Mesothelioma,Women,45-54,Non-standardised,Unstageable,1-year,2013-2017,England,16,:,:,:
Mesothelioma,Women,55-64,Non-standardised,Unstageable,1-year,2013-2017,England,17,:,:,:
Mesothelioma,Women,65-74,Non-standardised,Unstageable,1-year,2013-2017,England,53,43.9,30.7,57.2
Mesothelioma,Women,75-99,Non-standardised,Unstageable,1-year,2013-2017,England,36,:,:,:
Mesothelioma,Women,All ages,Non-standardised,Unstageable,1-year,2013-2017,England,140,47.3,38.9,55.7
Mesothelioma,Women,All ages,Age-standardised,Unstageable,1-year,2013-2017,England,140,:,:,:
Mesothelioma,Women,15-54,Non-standardised,Unknown/missing,1-year,2013-2017,England,37,64.2,48.9,79.6
Mesothelioma,Women,55-64,Non-standardised,Unknown/missing,1-year,2013-2017,England,73,70.2,59.7,80.7
Mesothelioma,Women,65-74,Non-standardised,Unknown/missing,1-year,2013-2017,England,235,55.4,49.0,61.8
Mesothelioma,Women,75-99,Non-standardised,Unknown/missing,1-year,2013-2017,England,508,31.7,27.5,35.9
Mesothelioma,Women,All ages,Non-standardised,Unknown/missing,1-year,2013-2017,England,853,42.9,39.5,46.3
Mesothelioma,Women,All ages,Age-standardised,Unknown/missing,1-year,2013-2017,England,853,51.2,47.4,55.2
Mesothelioma,Women,15-44,Non-standardised,All stages combined,1-year,2013-2017,England,32,56.3,39.4,73.1
Mesothelioma,Women,45-54,Non-standardised,All stages combined,1-year,2013-2017,England,74,60.5,49.4,71.6
Mesothelioma,Women,55-64,Non-standardised,All stages combined,1-year,2013-2017,England,202,62.2,55.5,68.9
Mesothelioma,Women,65-74,Non-standardised,All stages combined,1-year,2013-2017,England,644,52.6,48.7,56.5
Mesothelioma,Women,75-99,Non-standardised,All stages combined,1-year,2013-2017,England,"1,018",35.2,32.1,38.2
Mesothelioma,Women,All ages,Non-standardised,All stages combined,1-year,2013-2017,England,"1,970",44.9,42.7,47.2
Mesothelioma,Women,All ages,Age-standardised,All stages combined,1-year,2013-2017,England,"1,970",49.7,47.2,52.3
Mesothelioma,Women,15-44,Non-standardised,Stage 1,5-years,2013-2017,England,,:,:,:
Mesothelioma,Women,45-54,Non-standardised,Stage 1,5-years,2013-2017,England,4,:,:,:
Mesothelioma,Women,55-64,Non-standardised,Stage 1,5-years,2013-2017,England,9,:,:,:
Mesothelioma,Women,65-74,Non-standardised,Stage 1,5-years,2013-2017,England,46,:,:,:
Mesothelioma,Women,75-99,Non-standardised,Stage 1,5-years,2013-2017,England,73,:,:,:
Mesothelioma,Women,All ages,Non-standardised,Stage 1,5-years,2013-2017,England,132,:,:,:
Mesothelioma,Women,All ages,Age-standardised,Stage 1,5-years,2013-2017,England,132,:,:,:
Mesothelioma,Women,15-44,Non-standardised,Stage 2,5-years,2013-2017,England,1,:,:,:
Mesothelioma,Women,45-54,Non-standardised,Stage 2,5-years,2013-2017,England,2,:,:,:
Mesothelioma,Women,55-64,Non-standardised,Stage 2,5-years,2013-2017,England,14,:,:,:
Mesothelioma,Women,65-74,Non-standardised,Stage 2,5-years,2013-2017,England,42,:,:,:
Mesothelioma,Women,75-99,Non-standardised,Stage 2,5-years,2013-2017,England,61,:,:,:
Mesothelioma,Women,All ages,Non-standardised,Stage 2,5-years,2013-2017,England,120,:,:,:
Mesothelioma,Women,All ages,Age-standardised,Stage 2,5-years,2013-2017,England,120,:,:,:
Mesothelioma,Women,15-44,Non-standardised,Stage 3,5-years,2013-2017,England,1,:,:,:
Mesothelioma,Women,45-54,Non-standardised,Stage 3,5-years,2013-2017,England,12,:,:,:
Mesothelioma,Women,55-64,Non-standardised,Stage 3,5-years,2013-2017,England,37,:,:,:
Mesothelioma,Women,65-74,Non-standardised,Stage 3,5-years,2013-2017,England,107,:,:,:
Mesothelioma,Women,75-99,Non-standardised,Stage 3,5-years,2013-2017,England,131,:,:,:
Mesothelioma,Women,All ages,Non-standardised,Stage 3,5-years,2013-2017,England,288,:,:,:
Mesothelioma,Women,All ages,Age-standardised,Stage 3,5-years,2013-2017,England,288,:,:,:
Mesothelioma,Women,15-44,Non-standardised,Stage 4,5-years,2013-2017,England,2,:,:,:
Mesothelioma,Women,45-54,Non-standardised,Stage 4,5-years,2013-2017,England,13,:,:,:
Mesothelioma,Women,55-64,Non-standardised,Stage 4,5-years,2013-2017,England,52,:,:,:
Mesothelioma,Women,65-74,Non-standardised,Stage 4,5-years,2013-2017,England,161,:,:,:
Mesothelioma,Women,75-99,Non-standardised,Stage 4,5-years,2013-2017,England,209,:,:,:
Mesothelioma,Women,All ages,Non-standardised,Stage 4,5-years,2013-2017,England,437,:,:,:
Mesothelioma,Women,All ages,Age-standardised,Stage 4,5-years,2013-2017,England,437,:,:,:
Mesothelioma,Women,15-44,Non-standardised,Unstageable,5-years,2013-2017,England,18,:,:,:
Mesothelioma,Women,45-54,Non-standardised,Unstageable,5-years,2013-2017,England,16,:,:,:
Mesothelioma,Women,55-64,Non-standardised,Unstageable,5-years,2013-2017,England,17,:,:,:
Mesothelioma,Women,65-74,Non-standardised,Unstageable,5-years,2013-2017,England,53,:,:,:
Mesothelioma,Women,75-99,Non-standardised,Unstageable,5-years,2013-2017,England,36,:,:,:
Mesothelioma,Women,All ages,Non-standardised,Unstageable,5-years,2013-2017,England,140,:,:,:
Mesothelioma,Women,All ages,Age-standardised,Unstageable,5-years,2013-2017,England,140,:,:,:
Mesothelioma,Women,15-44,Non-standardised,Unknown/missing,5-years,2013-2017,England,10,:,:,:
Mesothelioma,Women,45-54,Non-standardised,Unknown/missing,5-years,2013-2017,England,27,:,:,:
Mesothelioma,Women,55-64,Non-standardised,Unknown/missing,5-years,2013-2017,England,73,:,:,:
Mesothelioma,Women,65-74,Non-standardised,Unknown/missing,5-years,2013-2017,England,235,:,:,:
Mesothelioma,Women,75-99,Non-standardised,Unknown/missing,5-years,2013-2017,England,508,:,:,:
Mesothelioma,Women,All ages,Non-standardised,Unknown/missing,5-years,2013-2017,England,853,6.3,3.9,8.7
Mesothelioma,Women,All ages,Age-standardised,Unknown/missing,5-years,2013-2017,England,853,:,:,:
Mesothelioma,Women,15-44,Non-standardised,All stages combined,5-years,2013-2017,England,32,:,:,:
Mesothelioma,Women,45-54,Non-standardised,All stages combined,5-years,2013-2017,England,74,:,:,:
Mesothelioma,Women,55-64,Non-standardised,All stages combined,5-years,2013-2017,England,202,:,:,:
Mesothelioma,Women,65-74,Non-standardised,All stages combined,5-years,2013-2017,England,644,9.5,6.4,12.6
Mesothelioma,Women,75-99,Non-standardised,All stages combined,5-years,2013-2017,England,"1,018",:,:,:
Mesothelioma,Women,All ages,Non-standardised,All stages combined,5-years,2013-2017,England,"1,970",7.2,5.2,9.1
Mesothelioma,Women,All ages,Age-standardised,All stages combined,5-years,2013-2017,England,"1,970",:,:,:
Mesothelioma,Persons,15-54,Non-standardised,Stage 1,1-year,2013-2017,England,18,61.3,39.5,83.1
Mesothelioma,Persons,55-64,Non-standardised,Stage 1,1-year,2013-2017,England,85,59.3,48.8,69.7
Mesothelioma,Persons,65-74,Non-standardised,Stage 1,1-year,2013-2017,England,343,67.4,62.3,72.5
Mesothelioma,Persons,75-99,Non-standardised,Stage 1,1-year,2013-2017,England,514,50.3,45.7,54.9
Mesothelioma,Persons,All ages,Non-standardised,Stage 1,1-year,2013-2017,England,960,57.4,54.1,60.7
Mesothelioma,Persons,All ages,Age-standardised,Stage 1,1-year,2013-2017,England,960,59.0,54.2,64.3
Mesothelioma,Persons,15-44,Non-standardised,Stage 2,1-year,2013-2017,England,2,:,:,:
Mesothelioma,Persons,45-54,Non-standardised,Stage 2,1-year,2013-2017,England,2,:,:,:
Mesothelioma,Persons,55-64,Non-standardised,Stage 2,1-year,2013-2017,England,67,76.6,66.4,86.8
Mesothelioma,Persons,65-74,Non-standardised,Stage 2,1-year,2013-2017,England,267,64.4,58.5,70.3
Mesothelioma,Persons,75-99,Non-standardised,Stage 2,1-year,2013-2017,England,312,45.3,39.4,51.1
Mesothelioma,Persons,All ages,Non-standardised,Stage 2,1-year,2013-2017,England,650,56.7,52.7,60.7
Mesothelioma,Persons,All ages,Age-standardised,Stage 2,1-year,2013-2017,England,650,:,:,:
Mesothelioma,Persons,15-54,Non-standardised,Stage 3,1-year,2013-2017,England,35,63.0,47.3,78.8
Mesothelioma,Persons,55-64,Non-standardised,Stage 3,1-year,2013-2017,England,187,57.1,50.0,64.2
Mesothelioma,Persons,65-74,Non-standardised,Stage 3,1-year,2013-2017,England,702,52.3,48.6,56.1
Mesothelioma,Persons,75-99,Non-standardised,Stage 3,1-year,2013-2017,England,813,34.6,31.2,38.0
Mesothelioma,Persons,All ages,Non-standardised,Stage 3,1-year,2013-2017,England,"1,737",44.8,42.4,47.2
Mesothelioma,Persons,All ages,Age-standardised,Stage 3,1-year,2013-2017,England,"1,737",49.1,45.9,52.4
Mesothelioma,Persons,15-54,Non-standardised,Stage 4,1-year,2013-2017,England,50,48.1,34.5,61.8
Mesothelioma,Persons,55-64,Non-standardised,Stage 4,1-year,2013-2017,England,283,36.8,31.2,42.4
Mesothelioma,Persons,65-74,Non-standardised,Stage 4,1-year,2013-2017,England,894,30.2,27.1,33.2
Mesothelioma,Persons,75-99,Non-standardised,Stage 4,1-year,2013-2017,England,"1,250",18.9,16.7,21.2
Mesothelioma,Persons,All ages,Non-standardised,Stage 4,1-year,2013-2017,England,"2,477",25.6,23.9,27.4
Mesothelioma,Persons,All ages,Age-standardised,Stage 4,1-year,2013-2017,England,"2,477",30.2,27.9,32.6
Mesothelioma,Persons,15-44,Non-standardised,Unstageable,1-year,2013-2017,England,23,69.6,51.3,87.9
Mesothelioma,Persons,45-54,Non-standardised,Unstageable,1-year,2013-2017,England,38,55.4,39.9,70.9
Mesothelioma,Persons,55-64,Non-standardised,Unstageable,1-year,2013-2017,England,44,52.6,38.1,67.2
Mesothelioma,Persons,65-74,Non-standardised,Unstageable,1-year,2013-2017,England,185,40.1,33.0,47.3
Mesothelioma,Persons,75-99,Non-standardised,Unstageable,1-year,2013-2017,England,148,24.2,17.1,31.3
Mesothelioma,Persons,All ages,Non-standardised,Unstageable,1-year,2013-2017,England,438,38.9,34.3,43.6
Mesothelioma,Persons,All ages,Age-standardised,Unstageable,1-year,2013-2017,England,438,39.8,35.2,45.1
Mesothelioma,Persons,15-54,Non-standardised,Unknown/missing,1-year,2013-2017,England,87,57.5,47.0,68.0
Mesothelioma,Persons,55-64,Non-standardised,Unknown/missing,1-year,2013-2017,England,463,57.4,52.8,61.9
Mesothelioma,Persons,65-74,Non-standardised,Unknown/missing,1-year,2013-2017,England,"1,698",48.5,46.1,51.0
Mesothelioma,Persons,75-99,Non-standardised,Unknown/missing,1-year,2013-2017,England,"3,100",30.0,28.3,31.7
Mesothelioma,Persons,All ages,Non-standardised,Unknown/missing,1-year,2013-2017,England,"5,348",38.7,37.3,40.0
Mesothelioma,Persons,All ages,Age-standardised,Unknown/missing,1-year,2013-2017,England,"5,348",45.3,43.3,47.4
Mesothelioma,Persons,15-44,Non-standardised,All stages combined,1-year,2013-2017,England,55,53.8,40.7,66.9
Mesothelioma,Persons,45-54,Non-standardised,All stages combined,1-year,2013-2017,England,200,59.3,52.5,66.2
Mesothelioma,Persons,55-64,Non-standardised,All stages combined,1-year,2013-2017,England,"1,129",53.3,50.3,56.2
Mesothelioma,Persons,65-74,Non-standardised,All stages combined,1-year,2013-2017,England,"4,089",47.4,45.9,49.0
Mesothelioma,Persons,75-99,Non-standardised,All stages combined,1-year,2013-2017,England,"6,137",30.7,29.5,31.9
Mesothelioma,Persons,All ages,Non-standardised,All stages combined,1-year,2013-2017,England,"11,610",39.4,38.4,40.3
Mesothelioma,Persons,All ages,Age-standardised,All stages combined,1-year,2013-2017,England,"11,610",44.5,43.2,45.8
Mesothelioma,Persons,15-44,Non-standardised,Stage 1,5-years,2013-2017,England,2,:,:,:
Mesothelioma,Persons,45-54,Non-standardised,Stage 1,5-years,2013-2017,England,16,:,:,:
Mesothelioma,Persons,55-64,Non-standardised,Stage 1,5-years,2013-2017,England,85,:,:,:
Mesothelioma,Persons,65-74,Non-standardised,Stage 1,5-years,2013-2017,England,343,:,:,:
Mesothelioma,Persons,75-99,Non-standardised,Stage 1,5-years,2013-2017,England,514,:,:,:
Mesothelioma,Persons,All ages,Non-standardised,Stage 1,5-years,2013-2017,England,960,:,:,:
Mesothelioma,Persons,All ages,Age-standardised,Stage 1,5-years,2013-2017,England,960,:,:,:
Mesothelioma,Persons,15-44,Non-standardised,Stage 2,5-years,2013-2017,England,2,:,:,:
Mesothelioma,Persons,45-54,Non-standardised,Stage 2,5-years,2013-2017,England,2,:,:,:
Mesothelioma,Persons,55-64,Non-standardised,Stage 2,5-years,2013-2017,England,67,:,:,:
Mesothelioma,Persons,65-74,Non-standardised,Stage 2,5-years,2013-2017,England,267,:,:,:
Mesothelioma,Persons,75-99,Non-standardised,Stage 2,5-years,2013-2017,England,312,:,:,:
Mesothelioma,Persons,All ages,Non-standardised,Stage 2,5-years,2013-2017,England,650,:,:,:
Mesothelioma,Persons,All ages,Age-standardised,Stage 2,5-years,2013-2017,England,650,:,:,:
Mesothelioma,Persons,15-44,Non-standardised,Stage 3,5-years,2013-2017,England,4,:,:,:
Mesothelioma,Persons,45-54,Non-standardised,Stage 3,5-years,2013-2017,England,31,:,:,:
Mesothelioma,Persons,55-64,Non-standardised,Stage 3,5-years,2013-2017,England,187,:,:,:
Mesothelioma,Persons,65-74,Non-standardised,Stage 3,5-years,2013-2017,England,702,:,:,:
Mesothelioma,Persons,75-99,Non-standardised,Stage 3,5-years,2013-2017,England,813,:,:,:
Mesothelioma,Persons,All ages,Non-standardised,Stage 3,5-years,2013-2017,England,"1,737",:,:,:
Mesothelioma,Persons,All ages,Age-standardised,Stage 3,5-years,2013-2017,England,"1,737",:,:,:
Mesothelioma,Persons,15-44,Non-standardised,Stage 4,5-years,2013-2017,England,7,:,:,:
Mesothelioma,Persons,45-54,Non-standardised,Stage 4,5-years,2013-2017,England,43,:,:,:
Mesothelioma,Persons,55-64,Non-standardised,Stage 4,5-years,2013-2017,England,283,:,:,:
Mesothelioma,Persons,65-74,Non-standardised,Stage 4,5-years,2013-2017,England,894,:,:,:
Mesothelioma,Persons,75-99,Non-standardised,Stage 4,5-years,2013-2017,England,"1,250",:,:,:
Mesothelioma,Persons,All ages,Non-standardised,Stage 4,5-years,2013-2017,England,"2,477",3.3,2.2,4.5
Mesothelioma,Persons,All ages,Age-standardised,Stage 4,5-years,2013-2017,England,"2,477",:,:,:
Mesothelioma,Persons,15-44,Non-standardised,Unstageable,5-years,2013-2017,England,23,:,:,:
Mesothelioma,Persons,45-54,Non-standardised,Unstageable,5-years,2013-2017,England,38,:,:,:
Mesothelioma,Persons,55-64,Non-standardised,Unstageable,5-years,2013-2017,England,44,:,:,:
Mesothelioma,Persons,65-74,Non-standardised,Unstageable,5-years,2013-2017,England,185,:,:,:
Mesothelioma,Persons,75-99,Non-standardised,Unstageable,5-years,2013-2017,England,148,:,:,:
Mesothelioma,Persons,All ages,Non-standardised,Unstageable,5-years,2013-2017,England,438,15.0,10.1,20.0
Mesothelioma,Persons,All ages,Age-standardised,Unstageable,5-years,2013-2017,England,438,:,:,:
Mesothelioma,Persons,15-44,Non-standardised,Unknown/missing,5-years,2013-2017,England,17,:,:,:
Mesothelioma,Persons,45-54,Non-standardised,Unknown/missing,5-years,2013-2017,England,70,:,:,:
Mesothelioma,Persons,55-64,Non-standardised,Unknown/missing,5-years,2013-2017,England,463,9.2,5.9,12.5
Mesothelioma,Persons,65-74,Non-standardised,Unknown/missing,5-years,2013-2017,England,"1,698",5.2,3.7,6.8
Mesothelioma,Persons,75-99,Non-standardised,Unknown/missing,5-years,2013-2017,England,"3,100",2.8,1.9,3.8
Mesothelioma,Persons,All ages,Non-standardised,Unknown/missing,5-years,2013-2017,England,"5,348",4.3,3.5,5.2
Mesothelioma,Persons,All ages,Age-standardised,Unknown/missing,5-years,2013-2017,England,"5,348",:,:,:
Mesothelioma,Persons,15-54,Non-standardised,All stages combined,5-years,2013-2017,England,255,20.1,13.3,26.9
Mesothelioma,Persons,55-64,Non-standardised,All stages combined,5-years,2013-2017,England,"1,129",9.8,7.5,12.1
Mesothelioma,Persons,65-74,Non-standardised,All stages combined,5-years,2013-2017,England,"4,089",4.9,3.8,6.0
Mesothelioma,Persons,75-99,Non-standardised,All stages combined,5-years,2013-2017,England,"6,137",3.0,2.1,3.9
Mesothelioma,Persons,All ages,Non-standardised,All stages combined,5-years,2013-2017,England,"11,610",4.7,4.1,5.4
Mesothelioma,Persons,All ages,Age-standardised,All stages combined,5-years,2013-2017,England,"11,610",6.5,5.7,7.5
Myeloma,Men,15-54,Non-standardised,Stage 1,1-year,2013-2017,England,173,99.0,97.4,100.6
Myeloma,Men,55-64,Non-standardised,Stage 1,1-year,2013-2017,England,233,98.2,96.3,100.0
Myeloma,Men,65-74,Non-standardised,Stage 1,1-year,2013-2017,England,353,93.9,91.0,96.7
Myeloma,Men,75-99,Non-standardised,Stage 1,1-year,2013-2017,England,279,92.8,88.7,96.9
Myeloma,Men,All ages,Non-standardised,Stage 1,1-year,2013-2017,England,"1,038",95.5,94.0,97.1
Myeloma,Men,All ages,Age-standardised,Stage 1,1-year,2013-2017,England,"1,038",95.5,93.9,97.0
Myeloma,Men,15-44,Non-standardised,Stage 2,1-year,2013-2017,England,27,96.3,89.4,103.3
Myeloma,Men,45-54,Non-standardised,Stage 2,1-year,2013-2017,England,98,97.2,93.8,100.6
Myeloma,Men,55-64,Non-standardised,Stage 2,1-year,2013-2017,England,179,95.6,92.4,98.8
Myeloma,Men,65-74,Non-standardised,Stage 2,1-year,2013-2017,England,373,92.4,89.4,95.4
Myeloma,Men,75-99,Non-standardised,Stage 2,1-year,2013-2017,England,411,83.4,79.1,87.7
Myeloma,Men,All ages,Non-standardised,Stage 2,1-year,2013-2017,England,"1,088",90.1,88.0,92.2
Myeloma,Men,All ages,Age-standardised,Stage 2,1-year,2013-2017,England,"1,088",91.2,89.4,93.1
Myeloma,Men,15-44,Non-standardised,Stage 3,1-year,2013-2017,England,21,90.6,78.3,102.8
Myeloma,Men,45-54,Non-standardised,Stage 3,1-year,2013-2017,England,83,87.0,79.8,94.3
Myeloma,Men,55-64,Non-standardised,Stage 3,1-year,2013-2017,England,182,84.1,78.7,89.5
Myeloma,Men,65-74,Non-standardised,Stage 3,1-year,2013-2017,England,356,81.8,77.6,86.0
Myeloma,Men,75-99,Non-standardised,Stage 3,1-year,2013-2017,England,486,68.5,63.9,73.1
Myeloma,Men,All ages,Non-standardised,Stage 3,1-year,2013-2017,England,"1,128",77.0,74.3,79.7
Myeloma,Men,All ages,Age-standardised,Stage 3,1-year,2013-2017,England,"1,128",79.3,76.9,81.9
Myeloma,Men,15-44,Non-standardised,Stage 4,1-year,2013-2017,England,,:,:,:
Myeloma,Men,45-54,Non-standardised,Stage 4,1-year,2013-2017,England,1,:,:,:
Myeloma,Men,55-64,Non-standardised,Stage 4,1-year,2013-2017,England,6,:,:,:
Myeloma,Men,65-74,Non-standardised,Stage 4,1-year,2013-2017,England,9,:,:,:
Myeloma,Men,75-99,Non-standardised,Stage 4,1-year,2013-2017,England,16,72.8,49.4,96.2
Myeloma,Men,All ages,Non-standardised,Stage 4,1-year,2013-2017,England,32,71.1,54.7,87.5
Myeloma,Men,All ages,Age-standardised,Stage 4,1-year,2013-2017,England,32,:,:,:
Myeloma,Men,15-44,Non-standardised,Unstageable,1-year,2013-2017,England,43,90.8,82.2,99.4
Myeloma,Men,45-54,Non-standardised,Unstageable,1-year,2013-2017,England,95,98.1,95.2,101.0
Myeloma,Men,55-64,Non-standardised,Unstageable,1-year,2013-2017,England,146,90.3,85.4,95.3
Myeloma,Men,65-74,Non-standardised,Unstageable,1-year,2013-2017,England,210,82.0,76.5,87.4
Myeloma,Men,75-99,Non-standardised,Unstageable,1-year,2013-2017,England,224,76.0,69.6,82.4
Myeloma,Men,All ages,Non-standardised,Unstageable,1-year,2013-2017,England,718,84.5,81.6,87.4
Myeloma,Men,All ages,Age-standardised,Unstageable,1-year,2013-2017,England,718,84.4,81.5,87.3
Myeloma,Men,15-44,Non-standardised,Unknown/missing,1-year,2013-2017,England,200,93.1,89.6,96.7
Myeloma,Men,45-54,Non-standardised,Unknown/missing,1-year,2013-2017,England,660,91.0,88.8,93.3
Myeloma,Men,55-64,Non-standardised,Unknown/missing,1-year,2013-2017,England,"1,610",88.3,86.7,89.9
Myeloma,Men,65-74,Non-standardised,Unknown/missing,1-year,2013-2017,England,"2,934",84.6,83.3,86.0
Myeloma,Men,75-99,Non-standardised,Unknown/missing,1-year,2013-2017,England,"4,383",67.7,66.1,69.2
Myeloma,Men,All ages,Non-standardised,Unknown/missing,1-year,2013-2017,England,"9,787",78.2,77.3,79.1
Myeloma,Men,All ages,Age-standardised,Unknown/missing,1-year,2013-2017,England,"9,787",81.3,80.5,82.2
Myeloma,Men,15-44,Non-standardised,All stages combined,1-year,2013-2017,England,329,93.7,91.1,96.4
Myeloma,Men,45-54,Non-standardised,All stages combined,1-year,2013-2017,England,"1,072",92.8,91.2,94.4
Myeloma,Men,55-64,Non-standardised,All stages combined,1-year,2013-2017,England,"2,356",89.7,88.4,90.9
Myeloma,Men,65-74,Non-standardised,All stages combined,1-year,2013-2017,England,"4,235",85.7,84.6,86.8
Myeloma,Men,75-99,Non-standardised,All stages combined,1-year,2013-2017,England,"5,799",70.4,69.1,71.7
Myeloma,Men,All ages,Non-standardised,All stages combined,1-year,2013-2017,England,"13,791",80.7,80.0,81.4
Myeloma,Men,All ages,Age-standardised,All stages combined,1-year,2013-2017,England,"13,791",83.1,82.5,83.8
Myeloma,Men,15-44,Non-standardised,Stage 1,5-years,2013-2017,England,38,:,:,:
Myeloma,Men,45-54,Non-standardised,Stage 1,5-years,2013-2017,England,135,:,:,:
Myeloma,Men,55-64,Non-standardised,Stage 1,5-years,2013-2017,England,233,:,:,:
Myeloma,Men,65-74,Non-standardised,Stage 1,5-years,2013-2017,England,353,71.5,59.8,83.1
Myeloma,Men,75-99,Non-standardised,Stage 1,5-years,2013-2017,England,279,59.2,37.0,81.3
Myeloma,Men,All ages,Non-standardised,Stage 1,5-years,2013-2017,England,"1,038",75.8,67.8,83.8
Myeloma,Men,All ages,Age-standardised,Stage 1,5-years,2013-2017,England,"1,038",:,:,:
Myeloma,Men,15-44,Non-standardised,Stage 2,5-years,2013-2017,England,27,:,:,:
Myeloma,Men,45-54,Non-standardised,Stage 2,5-years,2013-2017,England,98,:,:,:
Myeloma,Men,55-64,Non-standardised,Stage 2,5-years,2013-2017,England,179,:,:,:
Myeloma,Men,65-74,Non-standardised,Stage 2,5-years,2013-2017,England,373,:,:,:
Myeloma,Men,75-99,Non-standardised,Stage 2,5-years,2013-2017,England,411,:,:,:
Myeloma,Men,All ages,Non-standardised,Stage 2,5-years,2013-2017,England,"1,088",51.0,42.6,59.4
Myeloma,Men,All ages,Age-standardised,Stage 2,5-years,2013-2017,England,"1,088",:,:,:
Myeloma,Men,15-44,Non-standardised,Stage 3,5-years,2013-2017,England,21,:,:,:
Myeloma,Men,45-54,Non-standardised,Stage 3,5-years,2013-2017,England,83,:,:,:
Myeloma,Men,55-64,Non-standardised,Stage 3,5-years,2013-2017,England,182,:,:,:
Myeloma,Men,65-74,Non-standardised,Stage 3,5-years,2013-2017,England,356,36.3,23.9,48.7
Myeloma,Men,75-99,Non-standardised,Stage 3,5-years,2013-2017,England,486,:,:,:
Myeloma,Men,All ages,Non-standardised,Stage 3,5-years,2013-2017,England,"1,128",34.1,25.5,42.7
Myeloma,Men,All ages,Age-standardised,Stage 3,5-years,2013-2017,England,"1,128",:,:,:
Myeloma,Men,15-44,Non-standardised,Stage 4,5-years,2013-2017,England,,:,:,:
Myeloma,Men,45-54,Non-standardised,Stage 4,5-years,2013-2017,England,1,:,:,:
Myeloma,Men,55-64,Non-standardised,Stage 4,5-years,2013-2017,England,6,:,:,:
Myeloma,Men,65-74,Non-standardised,Stage 4,5-years,2013-2017,England,9,:,:,:
Myeloma,Men,75-99,Non-standardised,Stage 4,5-years,2013-2017,England,16,:,:,:
Myeloma,Men,All ages,Non-standardised,Stage 4,5-years,2013-2017,England,32,:,:,:
Myeloma,Men,All ages,Age-standardised,Stage 4,5-years,2013-2017,England,32,:,:,:
Myeloma,Men,15-44,Non-standardised,Unstageable,5-years,2013-2017,England,43,:,:,:
Myeloma,Men,45-54,Non-standardised,Unstageable,5-years,2013-2017,England,95,:,:,:
Myeloma,Men,55-64,Non-standardised,Unstageable,5-years,2013-2017,England,146,71.8,61.3,82.4
Myeloma,Men,65-74,Non-standardised,Unstageable,5-years,2013-2017,England,210,66.4,56.8,75.9
Myeloma,Men,75-99,Non-standardised,Unstageable,5-years,2013-2017,England,224,48.9,36.8,61.1
Myeloma,Men,All ages,Non-standardised,Unstageable,5-years,2013-2017,England,718,66.1,60.4,71.8
Myeloma,Men,All ages,Age-standardised,Unstageable,5-years,2013-2017,England,718,:,:,:
Myeloma,Men,15-44,Non-standardised,Unknown/missing,5-years,2013-2017,England,200,74.0,66.2,81.8
Myeloma,Men,45-54,Non-standardised,Unknown/missing,5-years,2013-2017,England,660,69.4,65.1,73.7
Myeloma,Men,55-64,Non-standardised,Unknown/missing,5-years,2013-2017,England,"1,610",67.0,63.8,70.2
Myeloma,Men,65-74,Non-standardised,Unknown/missing,5-years,2013-2017,England,"2,934",53.7,51.0,56.4
Myeloma,Men,75-99,Non-standardised,Unknown/missing,5-years,2013-2017,England,"4,383",30.9,28.4,33.4
Myeloma,Men,All ages,Non-standardised,Unknown/missing,5-years,2013-2017,England,"9,787",47.3,45.7,48.9
Myeloma,Men,All ages,Age-standardised,Unknown/missing,5-years,2013-2017,England,"9,787",50.8,49.2,52.4
Myeloma,Men,15-44,Non-standardised,All stages combined,5-years,2013-2017,England,329,75.6,69.0,82.1
Myeloma,Men,45-54,Non-standardised,All stages combined,5-years,2013-2017,England,"1,072",73.1,69.5,76.6
Myeloma,Men,55-64,Non-standardised,All stages combined,5-years,2013-2017,England,"2,356",67.2,64.4,70.1
Myeloma,Men,65-74,Non-standardised,All stages combined,5-years,2013-2017,England,"4,235",55.0,52.6,57.4
Myeloma,Men,75-99,Non-standardised,All stages combined,5-years,2013-2017,England,"5,799",33.1,30.7,35.5
Myeloma,Men,All ages,Non-standardised,All stages combined,5-years,2013-2017,England,"13,791",49.8,48.3,51.2
Myeloma,Men,All ages,Age-standardised,All stages combined,5-years,2013-2017,England,"13,791",52.6,51.2,54.1
Myeloma,Women,15-44,Non-standardised,Stage 1,1-year,2013-2017,England,20,:,:,:
Myeloma,Women,45-54,Non-standardised,Stage 1,1-year,2013-2017,England,93,:,:,:
Myeloma,Women,55-64,Non-standardised,Stage 1,1-year,2013-2017,England,181,98.7,96.8,100.6
Myeloma,Women,65-74,Non-standardised,Stage 1,1-year,2013-2017,England,243,95.8,92.9,98.6
Myeloma,Women,75-99,Non-standardised,Stage 1,1-year,2013-2017,England,208,90.0,85.1,95.0
Myeloma,Women,All ages,Non-standardised,Stage 1,1-year,2013-2017,England,745,95.4,93.7,97.2
Myeloma,Women,All ages,Age-standardised,Stage 1,1-year,2013-2017,England,745,:,:,:
Myeloma,Women,15-54,Non-standardised,Stage 2,1-year,2013-2017,England,67,95.7,90.8,100.6
Myeloma,Women,55-64,Non-standardised,Stage 2,1-year,2013-2017,England,122,95.5,91.7,99.3
Myeloma,Women,65-74,Non-standardised,Stage 2,1-year,2013-2017,England,218,91.4,87.5,95.4
Myeloma,Women,75-99,Non-standardised,Stage 2,1-year,2013-2017,England,335,82.4,77.6,87.1
Myeloma,Women,All ages,Non-standardised,Stage 2,1-year,2013-2017,England,742,88.4,85.8,91.0
Myeloma,Women,All ages,Age-standardised,Stage 2,1-year,2013-2017,England,742,90.4,88.2,92.6
Myeloma,Women,15-44,Non-standardised,Stage 3,1-year,2013-2017,England,11,90.9,74.7,107.1
Myeloma,Women,45-54,Non-standardised,Stage 3,1-year,2013-2017,England,56,93.0,86.3,99.7
Myeloma,Women,55-64,Non-standardised,Stage 3,1-year,2013-2017,England,134,88.5,83.0,94.0
Myeloma,Women,65-74,Non-standardised,Stage 3,1-year,2013-2017,England,214,83.7,78.6,88.8
Myeloma,Women,75-99,Non-standardised,Stage 3,1-year,2013-2017,England,370,66.6,61.4,71.9
Myeloma,Women,All ages,Non-standardised,Stage 3,1-year,2013-2017,England,785,77.2,74.1,80.4
Myeloma,Women,All ages,Age-standardised,Stage 3,1-year,2013-2017,England,785,80.8,78.0,83.8
Myeloma,Women,15-44,Non-standardised,Stage 4,1-year,2013-2017,England,,:,:,:
Myeloma,Women,45-54,Non-standardised,Stage 4,1-year,2013-2017,England,3,:,:,:
Myeloma,Women,55-64,Non-standardised,Stage 4,1-year,2013-2017,England,2,:,:,:
Myeloma,Women,65-74,Non-standardised,Stage 4,1-year,2013-2017,England,5,:,:,:
Myeloma,Women,75-99,Non-standardised,Stage 4,1-year,2013-2017,England,8,:,:,:
Myeloma,Women,All ages,Non-standardised,Stage 4,1-year,2013-2017,England,18,67.7,46.1,89.4
Myeloma,Women,All ages,Age-standardised,Stage 4,1-year,2013-2017,England,18,:,:,:
Myeloma,Women,15-44,Non-standardised,Unstageable,1-year,2013-2017,England,32,90.7,80.7,100.6
Myeloma,Women,45-54,Non-standardised,Unstageable,1-year,2013-2017,England,49,90.0,81.6,98.4
Myeloma,Women,55-64,Non-standardised,Unstageable,1-year,2013-2017,England,83,87.0,79.6,94.4
Myeloma,Women,65-74,Non-standardised,Unstageable,1-year,2013-2017,England,137,85.5,79.5,91.6
Myeloma,Women,75-99,Non-standardised,Unstageable,1-year,2013-2017,England,180,66.6,59.2,74.0
Myeloma,Women,All ages,Non-standardised,Unstageable,1-year,2013-2017,England,481,79.6,75.8,83.4
Myeloma,Women,All ages,Age-standardised,Unstageable,1-year,2013-2017,England,481,80.7,77.1,84.4
Myeloma,Women,15-44,Non-standardised,Unknown/missing,1-year,2013-2017,England,146,91.2,86.6,95.8
Myeloma,Women,45-54,Non-standardised,Unknown/missing,1-year,2013-2017,England,541,90.7,88.2,93.2
Myeloma,Women,55-64,Non-standardised,Unknown/missing,1-year,2013-2017,England,"1,091",90.1,88.2,91.9
Myeloma,Women,65-74,Non-standardised,Unknown/missing,1-year,2013-2017,England,"2,068",82.7,81.0,84.3
Myeloma,Women,75-99,Non-standardised,Unknown/missing,1-year,2013-2017,England,"3,611",65.6,63.9,67.3
Myeloma,Women,All ages,Non-standardised,Unknown/missing,1-year,2013-2017,England,"7,457",76.2,75.2,77.3
Myeloma,Women,All ages,Age-standardised,Unknown/missing,1-year,2013-2017,England,"7,457",80.3,79.3,81.2
Myeloma,Women,15-44,Non-standardised,All stages combined,1-year,2013-2017,England,221,91.9,88.3,95.5
Myeloma,Women,45-54,Non-standardised,All stages combined,1-year,2013-2017,England,797,92.3,90.4,94.1
Myeloma,Women,55-64,Non-standardised,All stages combined,1-year,2013-2017,England,"1,613",91.2,89.8,92.6
Myeloma,Women,65-74,Non-standardised,All stages combined,1-year,2013-2017,England,"2,885",84.6,83.3,86.0
Myeloma,Women,75-99,Non-standardised,All stages combined,1-year,2013-2017,England,"4,712",68.0,66.5,69.4
Myeloma,Women,All ages,Non-standardised,All stages combined,1-year,2013-2017,England,"10,228",78.7,77.9,79.6
Myeloma,Women,All ages,Age-standardised,All stages combined,1-year,2013-2017,England,"10,228",82.1,81.3,82.9
Myeloma,Women,15-44,Non-standardised,Stage 1,5-years,2013-2017,England,20,:,:,:
Myeloma,Women,45-54,Non-standardised,Stage 1,5-years,2013-2017,England,93,:,:,:
Myeloma,Women,55-64,Non-standardised,Stage 1,5-years,2013-2017,England,181,64.3,46.5,82.1
Myeloma,Women,65-74,Non-standardised,Stage 1,5-years,2013-2017,England,243,76.9,64.5,89.4
Myeloma,Women,75-99,Non-standardised,Stage 1,5-years,2013-2017,England,208,:,:,:
Myeloma,Women,All ages,Non-standardised,Stage 1,5-years,2013-2017,England,745,71.1,61.7,80.5
Myeloma,Women,All ages,Age-standardised,Stage 1,5-years,2013-2017,England,745,:,:,:
Myeloma,Women,15-44,Non-standardised,Stage 2,5-years,2013-2017,England,12,:,:,:
Myeloma,Women,45-54,Non-standardised,Stage 2,5-years,2013-2017,England,55,:,:,:
Myeloma,Women,55-64,Non-standardised,Stage 2,5-years,2013-2017,England,122,:,:,:
Myeloma,Women,65-74,Non-standardised,Stage 2,5-years,2013-2017,England,218,:,:,:
Myeloma,Women,75-99,Non-standardised,Stage 2,5-years,2013-2017,England,335,:,:,:
Myeloma,Women,All ages,Non-standardised,Stage 2,5-years,2013-2017,England,742,43.3,32.3,54.2
Myeloma,Women,All ages,Age-standardised,Stage 2,5-years,2013-2017,England,742,:,:,:
Myeloma,Women,15-44,Non-standardised,Stage 3,5-years,2013-2017,England,11,:,:,:
Myeloma,Women,45-54,Non-standardised,Stage 3,5-years,2013-2017,England,56,:,:,:
Myeloma,Women,55-64,Non-standardised,Stage 3,5-years,2013-2017,England,134,:,:,:
Myeloma,Women,65-74,Non-standardised,Stage 3,5-years,2013-2017,England,214,41.5,28.7,54.4
Myeloma,Women,75-99,Non-standardised,Stage 3,5-years,2013-2017,England,370,:,:,:
Myeloma,Women,All ages,Non-standardised,Stage 3,5-years,2013-2017,England,785,33.5,25.1,41.9
Myeloma,Women,All ages,Age-standardised,Stage 3,5-years,2013-2017,England,785,:,:,:
Myeloma,Women,15-44,Non-standardised,Stage 4,5-years,2013-2017,England,,:,:,:
Myeloma,Women,45-54,Non-standardised,Stage 4,5-years,2013-2017,England,3,:,:,:
Myeloma,Women,55-64,Non-standardised,Stage 4,5-years,2013-2017,England,2,:,:,:
Myeloma,Women,65-74,Non-standardised,Stage 4,5-years,2013-2017,England,5,:,:,:
Myeloma,Women,75-99,Non-standardised,Stage 4,5-years,2013-2017,England,8,:,:,:
Myeloma,Women,All ages,Non-standardised,Stage 4,5-years,2013-2017,England,18,:,:,:
Myeloma,Women,All ages,Age-standardised,Stage 4,5-years,2013-2017,England,18,:,:,:
Myeloma,Women,15-44,Non-standardised,Unstageable,5-years,2013-2017,England,32,:,:,:
Myeloma,Women,45-54,Non-standardised,Unstageable,5-years,2013-2017,England,49,:,:,:
Myeloma,Women,55-64,Non-standardised,Unstageable,5-years,2013-2017,England,83,:,:,:
Myeloma,Women,65-74,Non-standardised,Unstageable,5-years,2013-2017,England,137,63.7,52.1,75.3
Myeloma,Women,75-99,Non-standardised,Unstageable,5-years,2013-2017,England,180,42.7,29.1,56.3
Myeloma,Women,All ages,Non-standardised,Unstageable,5-years,2013-2017,England,481,60.2,53.2,67.2
Myeloma,Women,All ages,Age-standardised,Unstageable,5-years,2013-2017,England,481,:,:,:
Myeloma,Women,15-54,Non-standardised,Unknown/missing,5-years,2013-2017,England,687,75.1,71.2,78.9
Myeloma,Women,55-64,Non-standardised,Unknown/missing,5-years,2013-2017,England,"1,091",65.4,61.8,69.1
Myeloma,Women,65-74,Non-standardised,Unknown/missing,5-years,2013-2017,England,"2,068",51.3,48.2,54.4
Myeloma,Women,75-99,Non-standardised,Unknown/missing,5-years,2013-2017,England,"3,611",30.6,28.1,33.2
Myeloma,Women,All ages,Non-standardised,Unknown/missing,5-years,2013-2017,England,"7,457",45.7,44.0,47.4
Myeloma,Women,All ages,Age-standardised,Unknown/missing,5-years,2013-2017,England,"7,457",50.2,48.5,52.0
Myeloma,Women,15-54,Non-standardised,All stages combined,5-years,2013-2017,England,"1,018",77.6,74.3,80.9
Myeloma,Women,55-64,Non-standardised,All stages combined,5-years,2013-2017,England,"1,613",65.6,62.3,68.9
Myeloma,Women,65-74,Non-standardised,All stages combined,5-years,2013-2017,England,"2,885",53.3,50.5,56.1
Myeloma,Women,75-99,Non-standardised,All stages combined,5-years,2013-2017,England,"4,712",32.1,29.6,34.5
Myeloma,Women,All ages,Non-standardised,All stages combined,5-years,2013-2017,England,"10,228",47.9,46.3,49.5
Myeloma,Women,All ages,Age-standardised,All stages combined,5-years,2013-2017,England,"10,228",51.8,50.3,53.4
Myeloma,Persons,15-54,Non-standardised,Stage 1,1-year,2013-2017,England,286,99.1,97.9,100.3
Myeloma,Persons,55-64,Non-standardised,Stage 1,1-year,2013-2017,England,414,98.5,97.2,99.8
Myeloma,Persons,65-74,Non-standardised,Stage 1,1-year,2013-2017,England,596,94.7,92.7,96.7
Myeloma,Persons,75-99,Non-standardised,Stage 1,1-year,2013-2017,England,487,91.7,88.6,94.9
Myeloma,Persons,All ages,Non-standardised,Stage 1,1-year,2013-2017,England,"1,783",95.5,94.4,96.7
Myeloma,Persons,All ages,Age-standardised,Stage 1,1-year,2013-2017,England,"1,783",95.5,94.3,96.7
Myeloma,Persons,15-44,Non-standardised,Stage 2,1-year,2013-2017,England,39,97.5,92.6,102.4
Myeloma,Persons,45-54,Non-standardised,Stage 2,1-year,2013-2017,England,153,96.3,93.2,99.4
Myeloma,Persons,55-64,Non-standardised,Stage 2,1-year,2013-2017,England,301,95.6,93.1,98.0
Myeloma,Persons,65-74,Non-standardised,Stage 2,1-year,2013-2017,England,591,92.1,89.7,94.5
Myeloma,Persons,75-99,Non-standardised,Stage 2,1-year,2013-2017,England,746,82.9,79.8,86.1
Myeloma,Persons,All ages,Non-standardised,Stage 2,1-year,2013-2017,England,"1,830",89.4,87.8,91.0
Myeloma,Persons,All ages,Age-standardised,Stage 2,1-year,2013-2017,England,"1,830",90.9,89.5,92.4
Myeloma,Persons,15-44,Non-standardised,Stage 3,1-year,2013-2017,England,32,90.7,80.8,100.7
Myeloma,Persons,45-54,Non-standardised,Stage 3,1-year,2013-2017,England,139,89.5,84.3,94.6
Myeloma,Persons,55-64,Non-standardised,Stage 3,1-year,2013-2017,England,316,86.0,82.1,89.9
Myeloma,Persons,65-74,Non-standardised,Stage 3,1-year,2013-2017,England,570,82.5,79.3,85.8
Myeloma,Persons,75-99,Non-standardised,Stage 3,1-year,2013-2017,England,856,67.7,64.2,71.1
Myeloma,Persons,All ages,Non-standardised,Stage 3,1-year,2013-2017,England,"1,913",77.1,75.1,79.1
Myeloma,Persons,All ages,Age-standardised,Stage 3,1-year,2013-2017,England,"1,913",79.9,78.1,81.9
Myeloma,Persons,15-44,Non-standardised,Stage 4,1-year,2013-2017,England,,:,:,:
Myeloma,Persons,45-54,Non-standardised,Stage 4,1-year,2013-2017,England,4,:,:,:
Myeloma,Persons,55-64,Non-standardised,Stage 4,1-year,2013-2017,England,8,:,:,:
Myeloma,Persons,65-74,Non-standardised,Stage 4,1-year,2013-2017,England,14,72.5,49.4,95.6
Myeloma,Persons,75-99,Non-standardised,Stage 4,1-year,2013-2017,England,24,61.5,41.1,81.8
Myeloma,Persons,All ages,Non-standardised,Stage 4,1-year,2013-2017,England,50,69.8,56.6,83.1
Myeloma,Persons,All ages,Age-standardised,Stage 4,1-year,2013-2017,England,50,:,:,:
Myeloma,Persons,15-44,Non-standardised,Unstageable,1-year,2013-2017,England,75,90.7,84.2,97.3
Myeloma,Persons,45-54,Non-standardised,Unstageable,1-year,2013-2017,England,144,95.4,91.9,98.9
Myeloma,Persons,55-64,Non-standardised,Unstageable,1-year,2013-2017,England,229,89.1,85.0,93.3
Myeloma,Persons,65-74,Non-standardised,Unstageable,1-year,2013-2017,England,347,83.4,79.4,87.5
Myeloma,Persons,75-99,Non-standardised,Unstageable,1-year,2013-2017,England,404,71.9,67.0,76.7
Myeloma,Persons,All ages,Non-standardised,Unstageable,1-year,2013-2017,England,"1,199",82.5,80.2,84.8
Myeloma,Persons,All ages,Age-standardised,Unstageable,1-year,2013-2017,England,"1,199",82.9,80.7,85.2
Myeloma,Persons,15-44,Non-standardised,Unknown/missing,1-year,2013-2017,England,346,92.3,89.5,95.1
Myeloma,Persons,45-54,Non-standardised,Unknown/missing,1-year,2013-2017,England,"1,201",90.9,89.2,92.5
Myeloma,Persons,55-64,Non-standardised,Unknown/missing,1-year,2013-2017,England,"2,701",89.0,87.8,90.2
Myeloma,Persons,65-74,Non-standardised,Unknown/missing,1-year,2013-2017,England,"5,002",83.8,82.8,84.9
Myeloma,Persons,75-99,Non-standardised,Unknown/missing,1-year,2013-2017,England,"7,994",66.7,65.6,67.9
Myeloma,Persons,All ages,Non-standardised,Unknown/missing,1-year,2013-2017,England,"17,244",77.4,76.7,78.0
Myeloma,Persons,All ages,Age-standardised,Unknown/missing,1-year,2013-2017,England,"17,244",80.9,80.3,81.5
Myeloma,Persons,15-44,Non-standardised,All stages combined,1-year,2013-2017,England,550,93.0,90.9,95.2
Myeloma,Persons,45-54,Non-standardised,All stages combined,1-year,2013-2017,England,"1,869",92.6,91.4,93.8
Myeloma,Persons,55-64,Non-standardised,All stages combined,1-year,2013-2017,England,"3,969",90.3,89.3,91.2
Myeloma,Persons,65-74,Non-standardised,All stages combined,1-year,2013-2017,England,"7,120",85.3,84.4,86.1
Myeloma,Persons,75-99,Non-standardised,All stages combined,1-year,2013-2017,England,"10,511",69.3,68.3,70.3
Myeloma,Persons,All ages,Non-standardised,All stages combined,1-year,2013-2017,England,"24,019",79.9,79.3,80.4
Myeloma,Persons,All ages,Age-standardised,All stages combined,1-year,2013-2017,England,"24,019",82.7,82.2,83.2
Myeloma,Persons,15-44,Non-standardised,Stage 1,5-years,2013-2017,England,58,:,:,:
Myeloma,Persons,45-54,Non-standardised,Stage 1,5-years,2013-2017,England,228,:,:,:
Myeloma,Persons,55-64,Non-standardised,Stage 1,5-years,2013-2017,England,414,75.6,65.3,85.9
Myeloma,Persons,65-74,Non-standardised,Stage 1,5-years,2013-2017,England,596,73.5,64.5,82.5
Myeloma,Persons,75-99,Non-standardised,Stage 1,5-years,2013-2017,England,487,58.1,41.2,74.9
Myeloma,Persons,All ages,Non-standardised,Stage 1,5-years,2013-2017,England,"1,783",74.0,67.9,80.1
Myeloma,Persons,All ages,Age-standardised,Stage 1,5-years,2013-2017,England,"1,783",:,:,:
Myeloma,Persons,15-54,Non-standardised,Stage 2,5-years,2013-2017,England,192,65.0,48.6,81.3
Myeloma,Persons,55-64,Non-standardised,Stage 2,5-years,2013-2017,England,301,54.7,40.2,69.2
Myeloma,Persons,65-74,Non-standardised,Stage 2,5-years,2013-2017,England,591,57.6,47.9,67.2
Myeloma,Persons,75-99,Non-standardised,Stage 2,5-years,2013-2017,England,746,35.3,23.6,46.9
Myeloma,Persons,All ages,Non-standardised,Stage 2,5-years,2013-2017,England,"1,830",48.1,41.3,54.8
Myeloma,Persons,All ages,Age-standardised,Stage 2,5-years,2013-2017,England,"1,830",50.5,44.2,57.7
Myeloma,Persons,15-44,Non-standardised,Stage 3,5-years,2013-2017,England,32,:,:,:
Myeloma,Persons,45-54,Non-standardised,Stage 3,5-years,2013-2017,England,139,:,:,:
Myeloma,Persons,55-64,Non-standardised,Stage 3,5-years,2013-2017,England,316,:,:,:
Myeloma,Persons,65-74,Non-standardised,Stage 3,5-years,2013-2017,England,570,38.5,29.3,47.8
Myeloma,Persons,75-99,Non-standardised,Stage 3,5-years,2013-2017,England,856,:,:,:
Myeloma,Persons,All ages,Non-standardised,Stage 3,5-years,2013-2017,England,"1,913",33.8,27.6,40.0
Myeloma,Persons,All ages,Age-standardised,Stage 3,5-years,2013-2017,England,"1,913",:,:,:
Myeloma,Persons,15-44,Non-standardised,Stage 4,5-years,2013-2017,England,,:,:,:
Myeloma,Persons,45-54,Non-standardised,Stage 4,5-years,2013-2017,England,4,:,:,:
Myeloma,Persons,55-64,Non-standardised,Stage 4,5-years,2013-2017,England,8,:,:,:
Myeloma,Persons,65-74,Non-standardised,Stage 4,5-years,2013-2017,England,14,:,:,:
Myeloma,Persons,75-99,Non-standardised,Stage 4,5-years,2013-2017,England,24,:,:,:
Myeloma,Persons,All ages,Non-standardised,Stage 4,5-years,2013-2017,England,50,:,:,:
Myeloma,Persons,All ages,Age-standardised,Stage 4,5-years,2013-2017,England,50,:,:,:
Myeloma,Persons,15-44,Non-standardised,Unstageable,5-years,2013-2017,England,75,:,:,:
Myeloma,Persons,45-54,Non-standardised,Unstageable,5-years,2013-2017,England,144,:,:,:
Myeloma,Persons,55-64,Non-standardised,Unstageable,5-years,2013-2017,England,229,73.9,66.1,81.8
Myeloma,Persons,65-74,Non-standardised,Unstageable,5-years,2013-2017,England,347,65.2,57.8,72.6
Myeloma,Persons,75-99,Non-standardised,Unstageable,5-years,2013-2017,England,404,45.8,36.6,55.1
Myeloma,Persons,All ages,Non-standardised,Unstageable,5-years,2013-2017,England,"1,199",63.7,59.3,68.2
Myeloma,Persons,All ages,Age-standardised,Unstageable,5-years,2013-2017,England,"1,199",:,:,:
Myeloma,Persons,15-44,Non-standardised,Unknown/missing,5-years,2013-2017,England,346,76.0,70.5,81.6
Myeloma,Persons,45-54,Non-standardised,Unknown/missing,5-years,2013-2017,England,"1,201",71.4,68.3,74.5
Myeloma,Persons,55-64,Non-standardised,Unknown/missing,5-years,2013-2017,England,"2,701",66.3,63.9,68.8
Myeloma,Persons,65-74,Non-standardised,Unknown/missing,5-years,2013-2017,England,"5,002",52.7,50.7,54.8
Myeloma,Persons,75-99,Non-standardised,Unknown/missing,5-years,2013-2017,England,"7,994",30.8,29.0,32.6
Myeloma,Persons,All ages,Non-standardised,Unknown/missing,5-years,2013-2017,England,"17,244",46.6,45.4,47.7
Myeloma,Persons,All ages,Age-standardised,Unknown/missing,5-years,2013-2017,England,"17,244",50.6,49.4,51.8
Myeloma,Persons,15-44,Non-standardised,All stages combined,5-years,2013-2017,England,550,77.8,73.2,82.4
Myeloma,Persons,45-54,Non-standardised,All stages combined,5-years,2013-2017,England,"1,869",74.5,71.8,77.1
Myeloma,Persons,55-64,Non-standardised,All stages combined,5-years,2013-2017,England,"3,969",66.5,64.4,68.7
Myeloma,Persons,65-74,Non-standardised,All stages combined,5-years,2013-2017,England,"7,120",54.3,52.5,56.1
Myeloma,Persons,75-99,Non-standardised,All stages combined,5-years,2013-2017,England,"10,511",32.6,30.9,34.4
Myeloma,Persons,All ages,Non-standardised,All stages combined,5-years,2013-2017,England,"24,019",49.0,47.9,50.0
Myeloma,Persons,All ages,Age-standardised,All stages combined,5-years,2013-2017,England,"24,019",52.3,51.2,53.4
Non-Hodgkin Lymphoma,Men,15-44,Non-standardised,All stages combined,1-year,2013-2017,England,"2,458",90.0,88.8,91.2
Non-Hodgkin Lymphoma,Men,45-54,Non-standardised,All stages combined,1-year,2013-2017,England,"3,315",88.2,87.1,89.3
Non-Hodgkin Lymphoma,Men,55-64,Non-standardised,All stages combined,1-year,2013-2017,England,"5,484",86.0,85.1,87.0
Non-Hodgkin Lymphoma,Men,65-74,Non-standardised,All stages combined,1-year,2013-2017,England,"9,107",80.9,80.0,81.7
Non-Hodgkin Lymphoma,Men,75-99,Non-standardised,All stages combined,1-year,2013-2017,England,"10,621",64.9,63.9,65.9
Non-Hodgkin Lymphoma,Men,All ages,Non-standardised,All stages combined,1-year,2013-2017,England,"30,985",77.8,77.3,78.3
Non-Hodgkin Lymphoma,Men,All ages,Age-standardised,All stages combined,1-year,2013-2017,England,"30,985",78.4,77.9,78.9
Non-Hodgkin Lymphoma,Men,15-44,Non-standardised,All stages combined,5-years,2013-2017,England,"2,458",83.6,81.9,85.3
Non-Hodgkin Lymphoma,Men,45-54,Non-standardised,All stages combined,5-years,2013-2017,England,"3,315",78.7,76.9,80.4
Non-Hodgkin Lymphoma,Men,55-64,Non-standardised,All stages combined,5-years,2013-2017,England,"5,484",75.0,73.5,76.5
Non-Hodgkin Lymphoma,Men,65-74,Non-standardised,All stages combined,5-years,2013-2017,England,"9,107",66.1,64.6,67.5
Non-Hodgkin Lymphoma,Men,75-99,Non-standardised,All stages combined,5-years,2013-2017,England,"10,621",46.2,44.3,48.1
Non-Hodgkin Lymphoma,Men,All ages,Non-standardised,All stages combined,5-years,2013-2017,England,"30,985",63.6,62.8,64.5
Non-Hodgkin Lymphoma,Men,All ages,Age-standardised,All stages combined,5-years,2013-2017,England,"30,985",63.7,62.8,64.6
Non-Hodgkin Lymphoma,Women,15-44,Non-standardised,All stages combined,1-year,2013-2017,England,"1,741",91.3,90.0,92.6
Non-Hodgkin Lymphoma,Women,45-54,Non-standardised,All stages combined,1-year,2013-2017,England,"2,343",91.8,90.7,92.9
Non-Hodgkin Lymphoma,Women,55-64,Non-standardised,All stages combined,1-year,2013-2017,England,"4,257",89.3,88.4,90.3
Non-Hodgkin Lymphoma,Women,65-74,Non-standardised,All stages combined,1-year,2013-2017,England,"7,235",83.7,82.8,84.5
Non-Hodgkin Lymphoma,Women,75-99,Non-standardised,All stages combined,1-year,2013-2017,England,"9,789",65.8,64.8,66.9
Non-Hodgkin Lymphoma,Women,All ages,Non-standardised,All stages combined,1-year,2013-2017,England,"25,365",79.0,78.5,79.5
Non-Hodgkin Lymphoma,Women,All ages,Age-standardised,All stages combined,1-year,2013-2017,England,"25,365",80.6,80.1,81.1
Non-Hodgkin Lymphoma,Women,15-44,Non-standardised,All stages combined,5-years,2013-2017,England,"1,741",84.8,82.9,86.7
Non-Hodgkin Lymphoma,Women,45-54,Non-standardised,All stages combined,5-years,2013-2017,England,"2,343",85.8,84.1,87.5
Non-Hodgkin Lymphoma,Women,55-64,Non-standardised,All stages combined,5-years,2013-2017,England,"4,257",79.7,78.0,81.3
Non-Hodgkin Lymphoma,Women,65-74,Non-standardised,All stages combined,5-years,2013-2017,England,"7,235",72.9,71.5,74.4
Non-Hodgkin Lymphoma,Women,75-99,Non-standardised,All stages combined,5-years,2013-2017,England,"9,789",48.3,46.4,50.2
Non-Hodgkin Lymphoma,Women,All ages,Non-standardised,All stages combined,5-years,2013-2017,England,"25,365",66.6,65.6,67.5
Non-Hodgkin Lymphoma,Women,All ages,Age-standardised,All stages combined,5-years,2013-2017,England,"25,365",68.1,67.1,69.0
Non-Hodgkin Lymphoma,Persons,15-44,Non-standardised,All stages combined,1-year,2013-2017,England,"4,199",90.6,89.7,91.5
Non-Hodgkin Lymphoma,Persons,45-54,Non-standardised,All stages combined,1-year,2013-2017,England,"5,658",89.7,88.9,90.5
Non-Hodgkin Lymphoma,Persons,55-64,Non-standardised,All stages combined,1-year,2013-2017,England,"9,741",87.5,86.8,88.2
Non-Hodgkin Lymphoma,Persons,65-74,Non-standardised,All stages combined,1-year,2013-2017,England,"16,342",82.1,81.5,82.7
Non-Hodgkin Lymphoma,Persons,75-99,Non-standardised,All stages combined,1-year,2013-2017,England,"20,410",65.4,64.6,66.1
Non-Hodgkin Lymphoma,Persons,All ages,Non-standardised,All stages combined,1-year,2013-2017,England,"56,350",78.4,78.0,78.7
Non-Hodgkin Lymphoma,Persons,All ages,Age-standardised,All stages combined,1-year,2013-2017,England,"56,350",79.4,79.0,79.7
Non-Hodgkin Lymphoma,Persons,15-44,Non-standardised,All stages combined,5-years,2013-2017,England,"4,199",84.1,82.8,85.4
Non-Hodgkin Lymphoma,Persons,45-54,Non-standardised,All stages combined,5-years,2013-2017,England,"5,658",81.6,80.3,82.8
Non-Hodgkin Lymphoma,Persons,55-64,Non-standardised,All stages combined,5-years,2013-2017,England,"9,741",77.0,75.9,78.1
Non-Hodgkin Lymphoma,Persons,65-74,Non-standardised,All stages combined,5-years,2013-2017,England,"16,342",69.1,68.1,70.2
Non-Hodgkin Lymphoma,Persons,75-99,Non-standardised,All stages combined,5-years,2013-2017,England,"20,410",47.3,45.9,48.6
Non-Hodgkin Lymphoma,Persons,All ages,Non-standardised,All stages combined,5-years,2013-2017,England,"56,350",65.0,64.3,65.6
Non-Hodgkin Lymphoma,Persons,All ages,Age-standardised,All stages combined,5-years,2013-2017,England,"56,350",65.6,65.0,66.3
Oesophagus,Men,15-44,Non-standardised,Stage 1,1-year,2013-2017,England,18,100.0,100.0,100.0
Oesophagus,Men,45-54,Non-standardised,Stage 1,1-year,2013-2017,England,164,94.8,91.4,98.3
Oesophagus,Men,55-64,Non-standardised,Stage 1,1-year,2013-2017,England,541,91.1,88.6,93.6
Oesophagus,Men,65-74,Non-standardised,Stage 1,1-year,2013-2017,England,927,86.8,84.4,89.1
Oesophagus,Men,75-99,Non-standardised,Stage 1,1-year,2013-2017,England,893,77.3,74.2,80.5
Oesophagus,Men,All ages,Non-standardised,Stage 1,1-year,2013-2017,England,"2,543",85.0,83.5,86.5
Oesophagus,Men,All ages,Age-standardised,Stage 1,1-year,2013-2017,England,"2,543",86.6,85.2,88.0
Oesophagus,Men,15-44,Non-standardised,Stage 2,1-year,2013-2017,England,35,71.6,56.8,86.3
Oesophagus,Men,45-54,Non-standardised,Stage 2,1-year,2013-2017,England,175,81.4,75.7,87.2
Oesophagus,Men,55-64,Non-standardised,Stage 2,1-year,2013-2017,England,581,83.3,80.2,86.4
Oesophagus,Men,65-74,Non-standardised,Stage 2,1-year,2013-2017,England,"1,129",74.2,71.5,76.8
Oesophagus,Men,75-99,Non-standardised,Stage 2,1-year,2013-2017,England,"1,143",53.8,50.6,56.9
Oesophagus,Men,All ages,Non-standardised,Stage 2,1-year,2013-2017,England,"3,063",68.7,66.9,70.4
Oesophagus,Men,All ages,Age-standardised,Stage 2,1-year,2013-2017,England,"3,063",70.0,68.1,71.9
Oesophagus,Men,15-44,Non-standardised,Stage 3,1-year,2013-2017,England,106,70.9,62.2,79.5
Oesophagus,Men,45-54,Non-standardised,Stage 3,1-year,2013-2017,England,580,69.2,65.4,73.0
Oesophagus,Men,55-64,Non-standardised,Stage 3,1-year,2013-2017,England,"1,764",63.7,61.4,65.9
Oesophagus,Men,65-74,Non-standardised,Stage 3,1-year,2013-2017,England,"2,752",60.0,58.1,61.9
Oesophagus,Men,75-99,Non-standardised,Stage 3,1-year,2013-2017,England,"2,398",41.7,39.6,43.8
Oesophagus,Men,All ages,Non-standardised,Stage 3,1-year,2013-2017,England,"7,600",55.9,54.8,57.1
Oesophagus,Men,All ages,Age-standardised,Stage 3,1-year,2013-2017,England,"7,600",56.3,55.1,57.6
Oesophagus,Men,15-44,Non-standardised,Stage 4,1-year,2013-2017,England,163,34.4,27.2,41.7
Oesophagus,Men,45-54,Non-standardised,Stage 4,1-year,2013-2017,England,711,26.4,23.2,29.6
Oesophagus,Men,55-64,Non-standardised,Stage 4,1-year,2013-2017,England,"1,886",26.9,24.9,28.9
Oesophagus,Men,65-74,Non-standardised,Stage 4,1-year,2013-2017,England,"2,940",22.3,20.7,23.8
Oesophagus,Men,75-99,Non-standardised,Stage 4,1-year,2013-2017,England,"2,498",13.4,12.0,14.8
Oesophagus,Men,All ages,Non-standardised,Stage 4,1-year,2013-2017,England,"8,198",21.2,20.3,22.1
Oesophagus,Men,All ages,Age-standardised,Stage 4,1-year,2013-2017,England,"8,198",21.1,20.2,22.1
Oesophagus,Men,15-44,Non-standardised,Unstageable,1-year,2013-2017,England,,:,:,:
Oesophagus,Men,45-54,Non-standardised,Unstageable,1-year,2013-2017,England,5,:,:,:
Oesophagus,Men,55-64,Non-standardised,Unstageable,1-year,2013-2017,England,9,:,:,:
Oesophagus,Men,65-74,Non-standardised,Unstageable,1-year,2013-2017,England,15,:,:,:
Oesophagus,Men,75-99,Non-standardised,Unstageable,1-year,2013-2017,England,27,52.0,32.2,71.8
Oesophagus,Men,All ages,Non-standardised,Unstageable,1-year,2013-2017,England,56,43.1,29.9,56.3
Oesophagus,Men,All ages,Age-standardised,Unstageable,1-year,2013-2017,England,56,:,:,:
Oesophagus,Men,15-44,Non-standardised,Unknown/missing,1-year,2013-2017,England,37,62.2,46.9,77.6
Oesophagus,Men,45-54,Non-standardised,Unknown/missing,1-year,2013-2017,England,199,51.9,45.0,58.9
Oesophagus,Men,55-64,Non-standardised,Unknown/missing,1-year,2013-2017,England,591,47.4,43.4,51.5
Oesophagus,Men,65-74,Non-standardised,Unknown/missing,1-year,2013-2017,England,"1,090",45.9,42.9,48.9
Oesophagus,Men,75-99,Non-standardised,Unknown/missing,1-year,2013-2017,England,"2,124",28.9,26.9,31.0
Oesophagus,Men,All ages,Non-standardised,Unknown/missing,1-year,2013-2017,England,"4,041",37.7,36.1,39.2
Oesophagus,Men,All ages,Age-standardised,Unknown/missing,1-year,2013-2017,England,"4,041",41.9,40.2,43.7
Oesophagus,Men,15-44,Non-standardised,All stages combined,1-year,2013-2017,England,359,55.0,49.8,60.1
Oesophagus,Men,45-54,Non-standardised,All stages combined,1-year,2013-2017,England,"1,834",54.1,51.8,56.4
Oesophagus,Men,55-64,Non-standardised,All stages combined,1-year,2013-2017,England,"5,372",53.9,52.5,55.2
Oesophagus,Men,65-74,Non-standardised,All stages combined,1-year,2013-2017,England,"8,853",50.3,49.2,51.3
Oesophagus,Men,75-99,Non-standardised,All stages combined,1-year,2013-2017,England,"9,083",36.0,35.0,37.0
Oesophagus,Men,All ages,Non-standardised,All stages combined,1-year,2013-2017,England,"25,501",46.3,45.7,46.9
Oesophagus,Men,All ages,Age-standardised,All stages combined,1-year,2013-2017,England,"25,501",47.1,46.4,47.8
Oesophagus,Men,15-54,Non-standardised,Stage 1,5-years,2013-2017,England,182,67.0,56.0,78.0
Oesophagus,Men,55-64,Non-standardised,Stage 1,5-years,2013-2017,England,541,63.3,56.9,69.8
Oesophagus,Men,65-74,Non-standardised,Stage 1,5-years,2013-2017,England,927,58.6,53.6,63.7
Oesophagus,Men,75-99,Non-standardised,Stage 1,5-years,2013-2017,England,893,41.7,35.1,48.4
Oesophagus,Men,All ages,Non-standardised,Stage 1,5-years,2013-2017,England,"2,543",54.2,50.8,57.6
Oesophagus,Men,All ages,Age-standardised,Stage 1,5-years,2013-2017,England,"2,543",55.5,51.9,59.2
Oesophagus,Men,15-54,Non-standardised,Stage 2,5-years,2013-2017,England,210,41.0,32.5,49.4
Oesophagus,Men,55-64,Non-standardised,Stage 2,5-years,2013-2017,England,581,40.9,35.6,46.1
Oesophagus,Men,65-74,Non-standardised,Stage 2,5-years,2013-2017,England,"1,129",32.7,28.3,37.0
Oesophagus,Men,75-99,Non-standardised,Stage 2,5-years,2013-2017,England,"1,143",16.7,13.0,20.4
Oesophagus,Men,All ages,Non-standardised,Stage 2,5-years,2013-2017,England,"3,063",28.9,26.4,31.3
Oesophagus,Men,All ages,Age-standardised,Stage 2,5-years,2013-2017,England,"3,063",29.6,27.0,32.3
Oesophagus,Men,15-54,Non-standardised,Stage 3,5-years,2013-2017,England,686,22.1,17.7,26.6
Oesophagus,Men,55-64,Non-standardised,Stage 3,5-years,2013-2017,England,"1,764",18.6,16.2,21.0
Oesophagus,Men,65-74,Non-standardised,Stage 3,5-years,2013-2017,England,"2,752",18.8,16.8,20.9
Oesophagus,Men,75-99,Non-standardised,Stage 3,5-years,2013-2017,England,"2,398",7.8,5.9,9.7
Oesophagus,Men,All ages,Non-standardised,Stage 3,5-years,2013-2017,England,"7,600",15.7,14.5,16.8
Oesophagus,Men,All ages,Age-standardised,Stage 3,5-years,2013-2017,England,"7,600",15.0,13.7,16.4
Oesophagus,Men,15-44,Non-standardised,Stage 4,5-years,2013-2017,England,163,:,:,:
Oesophagus,Men,45-54,Non-standardised,Stage 4,5-years,2013-2017,England,711,:,:,:
Oesophagus,Men,55-64,Non-standardised,Stage 4,5-years,2013-2017,England,"1,886",3.4,2.3,4.5
Oesophagus,Men,65-74,Non-standardised,Stage 4,5-years,2013-2017,England,"2,940",2.4,1.6,3.3
Oesophagus,Men,75-99,Non-standardised,Stage 4,5-years,2013-2017,England,"2,498",:,:,:
Oesophagus,Men,All ages,Non-standardised,Stage 4,5-years,2013-2017,England,"8,198",2.2,1.7,2.6
Oesophagus,Men,All ages,Age-standardised,Stage 4,5-years,2013-2017,England,"8,198",:,:,:
Oesophagus,Men,15-44,Non-standardised,Unstageable,5-years,2013-2017,England,,:,:,:
Oesophagus,Men,45-54,Non-standardised,Unstageable,5-years,2013-2017,England,5,:,:,:
Oesophagus,Men,55-64,Non-standardised,Unstageable,5-years,2013-2017,England,9,:,:,:
Oesophagus,Men,65-74,Non-standardised,Unstageable,5-years,2013-2017,England,15,:,:,:
Oesophagus,Men,75-99,Non-standardised,Unstageable,5-years,2013-2017,England,27,:,:,:
Oesophagus,Men,All ages,Non-standardised,Unstageable,5-years,2013-2017,England,56,:,:,:
Oesophagus,Men,All ages,Age-standardised,Unstageable,5-years,2013-2017,England,56,:,:,:
Oesophagus,Men,15-44,Non-standardised,Unknown/missing,5-years,2013-2017,England,37,:,:,:
Oesophagus,Men,45-54,Non-standardised,Unknown/missing,5-years,2013-2017,England,199,:,:,:
Oesophagus,Men,55-64,Non-standardised,Unknown/missing,5-years,2013-2017,England,591,23.2,19.2,27.2
Oesophagus,Men,65-74,Non-standardised,Unknown/missing,5-years,2013-2017,England,"1,090",21.6,18.6,24.7
Oesophagus,Men,75-99,Non-standardised,Unknown/missing,5-years,2013-2017,England,"2,124",6.9,5.0,8.7
Oesophagus,Men,All ages,Non-standardised,Unknown/missing,5-years,2013-2017,England,"4,041",14.6,13.1,16.1
Oesophagus,Men,All ages,Age-standardised,Unknown/missing,5-years,2013-2017,England,"4,041",:,:,:
Oesophagus,Men,15-44,Non-standardised,All stages combined,5-years,2013-2017,England,359,15.7,10.5,20.9
Oesophagus,Men,45-54,Non-standardised,All stages combined,5-years,2013-2017,England,"1,834",21.6,19.2,24.0
Oesophagus,Men,55-64,Non-standardised,All stages combined,5-years,2013-2017,England,"5,372",20.8,19.4,22.2
Oesophagus,Men,65-74,Non-standardised,All stages combined,5-years,2013-2017,England,"8,853",19.7,18.5,20.8
Oesophagus,Men,75-99,Non-standardised,All stages combined,5-years,2013-2017,England,"9,083",10.0,8.9,11.1
Oesophagus,Men,All ages,Non-standardised,All stages combined,5-years,2013-2017,England,"25,501",16.6,15.9,17.3
Oesophagus,Men,All ages,Age-standardised,All stages combined,5-years,2013-2017,England,"25,501",16.3,15.6,17.1
Oesophagus,Women,15-44,Non-standardised,Stage 1,1-year,2013-2017,England,12,91.7,76.7,106.7
Oesophagus,Women,45-54,Non-standardised,Stage 1,1-year,2013-2017,England,49,88.0,78.8,97.1
Oesophagus,Women,55-64,Non-standardised,Stage 1,1-year,2013-2017,England,170,86.9,81.8,92.1
Oesophagus,Women,65-74,Non-standardised,Stage 1,1-year,2013-2017,England,326,85.1,81.1,89.1
Oesophagus,Women,75-99,Non-standardised,Stage 1,1-year,2013-2017,England,551,66.4,62.1,70.7
Oesophagus,Women,All ages,Non-standardised,Stage 1,1-year,2013-2017,England,"1,108",76.3,73.6,79.0
Oesophagus,Women,All ages,Age-standardised,Stage 1,1-year,2013-2017,England,"1,108",80.3,77.8,82.9
Oesophagus,Women,15-44,Non-standardised,Stage 2,1-year,2013-2017,England,12,75.1,51.7,98.4
Oesophagus,Women,45-54,Non-standardised,Stage 2,1-year,2013-2017,England,76,72.5,62.5,82.5
Oesophagus,Women,55-64,Non-standardised,Stage 2,1-year,2013-2017,England,229,76.3,70.8,81.9
Oesophagus,Women,65-74,Non-standardised,Stage 2,1-year,2013-2017,England,469,78.0,74.1,81.8
Oesophagus,Women,75-99,Non-standardised,Stage 2,1-year,2013-2017,England,856,45.0,41.5,48.6
Oesophagus,Women,All ages,Non-standardised,Stage 2,1-year,2013-2017,England,"1,642",60.3,57.8,62.8
Oesophagus,Women,All ages,Age-standardised,Stage 2,1-year,2013-2017,England,"1,642",65.4,62.8,68.2
Oesophagus,Women,15-44,Non-standardised,Stage 3,1-year,2013-2017,England,57,67.9,55.8,80.0
Oesophagus,Women,45-54,Non-standardised,Stage 3,1-year,2013-2017,England,208,67.5,61.1,73.8
Oesophagus,Women,55-64,Non-standardised,Stage 3,1-year,2013-2017,England,569,62.4,58.4,66.4
Oesophagus,Women,65-74,Non-standardised,Stage 3,1-year,2013-2017,England,"1,047",57.0,54.0,60.1
Oesophagus,Women,75-99,Non-standardised,Stage 3,1-year,2013-2017,England,"1,471",34.3,31.7,36.8
Oesophagus,Women,All ages,Non-standardised,Stage 3,1-year,2013-2017,England,"3,352",48.8,47.0,50.5
Oesophagus,Women,All ages,Age-standardised,Stage 3,1-year,2013-2017,England,"3,352",51.9,50.1,53.7
Oesophagus,Women,15-54,Non-standardised,Stage 4,1-year,2013-2017,England,187,30.5,24.0,37.1
Oesophagus,Women,55-64,Non-standardised,Stage 4,1-year,2013-2017,England,491,25.6,21.7,29.5
Oesophagus,Women,65-74,Non-standardised,Stage 4,1-year,2013-2017,England,873,22.6,19.9,25.4
Oesophagus,Women,75-99,Non-standardised,Stage 4,1-year,2013-2017,England,"1,344",11.1,9.4,12.8
Oesophagus,Women,All ages,Non-standardised,Stage 4,1-year,2013-2017,England,"2,895",18.3,16.9,19.7
Oesophagus,Women,All ages,Age-standardised,Stage 4,1-year,2013-2017,England,"2,895",20.0,18.5,21.7
Oesophagus,Women,15-44,Non-standardised,Unstageable,1-year,2013-2017,England,2,:,:,:
Oesophagus,Women,45-54,Non-standardised,Unstageable,1-year,2013-2017,England,1,:,:,:
Oesophagus,Women,55-64,Non-standardised,Unstageable,1-year,2013-2017,England,3,:,:,:
Oesophagus,Women,65-74,Non-standardised,Unstageable,1-year,2013-2017,England,8,:,:,:
Oesophagus,Women,75-99,Non-standardised,Unstageable,1-year,2013-2017,England,22,:,:,:
Oesophagus,Women,All ages,Non-standardised,Unstageable,1-year,2013-2017,England,36,51.1,34.7,67.5
Oesophagus,Women,All ages,Age-standardised,Unstageable,1-year,2013-2017,England,36,:,:,:
Oesophagus,Women,15-54,Non-standardised,Unknown/missing,1-year,2013-2017,England,87,57.6,47.3,67.9
Oesophagus,Women,55-64,Non-standardised,Unknown/missing,1-year,2013-2017,England,194,45.1,38.1,52.1
Oesophagus,Women,65-74,Non-standardised,Unknown/missing,1-year,2013-2017,England,506,47.5,43.1,51.9
Oesophagus,Women,75-99,Non-standardised,Unknown/missing,1-year,2013-2017,England,"1,848",23.8,21.7,25.8
Oesophagus,Women,All ages,Non-standardised,Unknown/missing,1-year,2013-2017,England,"2,635",31.0,29.2,32.9
Oesophagus,Women,All ages,Age-standardised,Unknown/missing,1-year,2013-2017,England,"2,635",39.8,37.4,42.4
Oesophagus,Women,15-44,Non-standardised,All stages combined,1-year,2013-2017,England,128,59.9,51.4,68.4
Oesophagus,Women,45-54,Non-standardised,All stages combined,1-year,2013-2017,England,563,58.8,54.7,62.8
Oesophagus,Women,55-64,Non-standardised,All stages combined,1-year,2013-2017,England,"1,656",53.9,51.5,56.3
Oesophagus,Women,65-74,Non-standardised,All stages combined,1-year,2013-2017,England,"3,229",52.1,50.4,53.9
Oesophagus,Women,75-99,Non-standardised,All stages combined,1-year,2013-2017,England,"6,092",30.4,29.2,31.6
Oesophagus,Women,All ages,Non-standardised,All stages combined,1-year,2013-2017,England,"11,668",41.4,40.5,42.4
Oesophagus,Women,All ages,Age-standardised,All stages combined,1-year,2013-2017,England,"11,668",46.0,45.0,47.1
Oesophagus,Women,15-44,Non-standardised,Stage 1,5-years,2013-2017,England,12,:,:,:
Oesophagus,Women,45-54,Non-standardised,Stage 1,5-years,2013-2017,England,49,:,:,:
Oesophagus,Women,55-64,Non-standardised,Stage 1,5-years,2013-2017,England,170,61.0,50.6,71.4
Oesophagus,Women,65-74,Non-standardised,Stage 1,5-years,2013-2017,England,326,52.7,44.9,60.4
Oesophagus,Women,75-99,Non-standardised,Stage 1,5-years,2013-2017,England,551,28.0,21.7,34.4
Oesophagus,Women,All ages,Non-standardised,Stage 1,5-years,2013-2017,England,"1,108",42.4,37.9,46.9
Oesophagus,Women,All ages,Age-standardised,Stage 1,5-years,2013-2017,England,"1,108",:,:,:
Oesophagus,Women,15-54,Non-standardised,Stage 2,5-years,2013-2017,England,88,36.4,23.5,49.2
Oesophagus,Women,55-64,Non-standardised,Stage 2,5-years,2013-2017,England,229,44.0,36.3,51.8
Oesophagus,Women,65-74,Non-standardised,Stage 2,5-years,2013-2017,England,469,39.2,33.1,45.3
Oesophagus,Women,75-99,Non-standardised,Stage 2,5-years,2013-2017,England,856,16.2,12.0,20.4
Oesophagus,Women,All ages,Non-standardised,Stage 2,5-years,2013-2017,England,"1,642",28.0,24.8,31.1
Oesophagus,Women,All ages,Age-standardised,Stage 2,5-years,2013-2017,England,"1,642",30.7,27.3,34.6
Oesophagus,Women,15-44,Non-standardised,Stage 3,5-years,2013-2017,England,57,:,:,:
Oesophagus,Women,45-54,Non-standardised,Stage 3,5-years,2013-2017,England,208,:,:,:
Oesophagus,Women,55-64,Non-standardised,Stage 3,5-years,2013-2017,England,569,:,:,:
Oesophagus,Women,65-74,Non-standardised,Stage 3,5-years,2013-2017,England,"1,047",22.3,18.8,25.8
Oesophagus,Women,75-99,Non-standardised,Stage 3,5-years,2013-2017,England,"1,471",9.3,6.8,11.7
Oesophagus,Women,All ages,Non-standardised,Stage 3,5-years,2013-2017,England,"3,352",18.4,16.5,20.2
Oesophagus,Women,All ages,Age-standardised,Stage 3,5-years,2013-2017,England,"3,352",:,:,:
Oesophagus,Women,15-44,Non-standardised,Stage 4,5-years,2013-2017,England,32,:,:,:
Oesophagus,Women,45-54,Non-standardised,Stage 4,5-years,2013-2017,England,155,:,:,:
Oesophagus,Women,55-64,Non-standardised,Stage 4,5-years,2013-2017,England,491,:,:,:
Oesophagus,Women,65-74,Non-standardised,Stage 4,5-years,2013-2017,England,873,:,:,:
Oesophagus,Women,75-99,Non-standardised,Stage 4,5-years,2013-2017,England,"1,344",:,:,:
Oesophagus,Women,All ages,Non-standardised,Stage 4,5-years,2013-2017,England,"2,895",2.6,1.8,3.4
Oesophagus,Women,All ages,Age-standardised,Stage 4,5-years,2013-2017,England,"2,895",:,:,:
Oesophagus,Women,15-44,Non-standardised,Unstageable,5-years,2013-2017,England,2,:,:,:
Oesophagus,Women,45-54,Non-standardised,Unstageable,5-years,2013-2017,England,1,:,:,:
Oesophagus,Women,55-64,Non-standardised,Unstageable,5-years,2013-2017,England,3,:,:,:
Oesophagus,Women,65-74,Non-standardised,Unstageable,5-years,2013-2017,England,8,:,:,:
Oesophagus,Women,75-99,Non-standardised,Unstageable,5-years,2013-2017,England,22,:,:,:
Oesophagus,Women,All ages,Non-standardised,Unstageable,5-years,2013-2017,England,36,:,:,:
Oesophagus,Women,All ages,Age-standardised,Unstageable,5-years,2013-2017,England,36,:,:,:
Oesophagus,Women,15-44,Non-standardised,Unknown/missing,5-years,2013-2017,England,13,:,:,:
Oesophagus,Women,45-54,Non-standardised,Unknown/missing,5-years,2013-2017,England,74,:,:,:
Oesophagus,Women,55-64,Non-standardised,Unknown/missing,5-years,2013-2017,England,194,21.3,15.0,27.5
Oesophagus,Women,65-74,Non-standardised,Unknown/missing,5-years,2013-2017,England,506,18.9,14.5,23.2
Oesophagus,Women,75-99,Non-standardised,Unknown/missing,5-years,2013-2017,England,"1,848",6.5,4.9,8.2
Oesophagus,Women,All ages,Non-standardised,Unknown/missing,5-years,2013-2017,England,"2,635",11.0,9.5,12.6
Oesophagus,Women,All ages,Age-standardised,Unknown/missing,5-years,2013-2017,England,"2,635",:,:,:
Oesophagus,Women,15-54,Non-standardised,All stages combined,5-years,2013-2017,England,691,29.0,25.0,33.0
Oesophagus,Women,55-64,Non-standardised,All stages combined,5-years,2013-2017,England,"1,656",25.4,22.9,28.0
Oesophagus,Women,65-74,Non-standardised,All stages combined,5-years,2013-2017,England,"3,229",22.1,20.2,24.1
Oesophagus,Women,75-99,Non-standardised,All stages combined,5-years,2013-2017,England,"6,092",9.4,8.2,10.5
Oesophagus,Women,All ages,Non-standardised,All stages combined,5-years,2013-2017,England,"11,668",16.4,15.5,17.3
Oesophagus,Women,All ages,Age-standardised,All stages combined,5-years,2013-2017,England,"11,668",18.7,17.7,19.8
Oesophagus,Persons,15-44,Non-standardised,Stage 1,1-year,2013-2017,England,30,96.7,90.4,103.0
Oesophagus,Persons,45-54,Non-standardised,Stage 1,1-year,2013-2017,England,213,93.3,89.8,96.7
Oesophagus,Persons,55-64,Non-standardised,Stage 1,1-year,2013-2017,England,711,90.1,87.9,92.4
Oesophagus,Persons,65-74,Non-standardised,Stage 1,1-year,2013-2017,England,"1,253",86.3,84.3,88.4
Oesophagus,Persons,75-99,Non-standardised,Stage 1,1-year,2013-2017,England,"1,444",73.2,70.6,75.7
Oesophagus,Persons,All ages,Non-standardised,Stage 1,1-year,2013-2017,England,"3,651",82.4,81.0,83.7
Oesophagus,Persons,All ages,Age-standardised,Stage 1,1-year,2013-2017,England,"3,651",84.5,83.3,85.8
Oesophagus,Persons,15-44,Non-standardised,Stage 2,1-year,2013-2017,England,47,72.4,59.8,85.1
Oesophagus,Persons,45-54,Non-standardised,Stage 2,1-year,2013-2017,England,251,78.8,73.7,83.8
Oesophagus,Persons,55-64,Non-standardised,Stage 2,1-year,2013-2017,England,810,81.3,78.6,84.1
Oesophagus,Persons,65-74,Non-standardised,Stage 2,1-year,2013-2017,England,"1,598",75.3,73.1,77.5
Oesophagus,Persons,75-99,Non-standardised,Stage 2,1-year,2013-2017,England,"1,999",50.0,47.7,52.4
Oesophagus,Persons,All ages,Non-standardised,Stage 2,1-year,2013-2017,England,"4,705",65.8,64.3,67.2
Oesophagus,Persons,All ages,Age-standardised,Stage 2,1-year,2013-2017,England,"4,705",68.3,66.7,69.8
Oesophagus,Persons,15-44,Non-standardised,Stage 3,1-year,2013-2017,England,163,69.8,62.8,76.9
Oesophagus,Persons,45-54,Non-standardised,Stage 3,1-year,2013-2017,England,788,68.8,65.5,72.0
Oesophagus,Persons,55-64,Non-standardised,Stage 3,1-year,2013-2017,England,"2,333",63.4,61.4,65.3
Oesophagus,Persons,65-74,Non-standardised,Stage 3,1-year,2013-2017,England,"3,799",59.2,57.6,60.8
Oesophagus,Persons,75-99,Non-standardised,Stage 3,1-year,2013-2017,England,"3,869",38.9,37.3,40.5
Oesophagus,Persons,All ages,Non-standardised,Stage 3,1-year,2013-2017,England,"10,952",53.7,52.8,54.7
Oesophagus,Persons,All ages,Age-standardised,Stage 3,1-year,2013-2017,England,"10,952",54.8,53.8,55.8
Oesophagus,Persons,15-44,Non-standardised,Stage 4,1-year,2013-2017,England,195,34.4,27.8,41.0
Oesophagus,Persons,45-54,Non-standardised,Stage 4,1-year,2013-2017,England,866,27.0,24.0,29.9
Oesophagus,Persons,55-64,Non-standardised,Stage 4,1-year,2013-2017,England,"2,377",26.7,24.9,28.4
Oesophagus,Persons,65-74,Non-standardised,Stage 4,1-year,2013-2017,England,"3,813",22.3,21.0,23.7
Oesophagus,Persons,75-99,Non-standardised,Stage 4,1-year,2013-2017,England,"3,842",12.6,11.5,13.7
Oesophagus,Persons,All ages,Non-standardised,Stage 4,1-year,2013-2017,England,"11,093",20.5,19.7,21.2
Oesophagus,Persons,All ages,Age-standardised,Stage 4,1-year,2013-2017,England,"11,093",20.8,20.0,21.6
Oesophagus,Persons,15-44,Non-standardised,Unstageable,1-year,2013-2017,England,2,:,:,:
Oesophagus,Persons,45-54,Non-standardised,Unstageable,1-year,2013-2017,England,6,:,:,:
Oesophagus,Persons,55-64,Non-standardised,Unstageable,1-year,2013-2017,England,12,:,:,:
Oesophagus,Persons,65-74,Non-standardised,Unstageable,1-year,2013-2017,England,23,:,:,:
Oesophagus,Persons,75-99,Non-standardised,Unstageable,1-year,2013-2017,England,49,45.6,31.1,60.1
Oesophagus,Persons,All ages,Non-standardised,Unstageable,1-year,2013-2017,England,92,46.2,35.8,56.6
Oesophagus,Persons,All ages,Age-standardised,Unstageable,1-year,2013-2017,England,92,:,:,:
Oesophagus,Persons,15-44,Non-standardised,Unknown/missing,1-year,2013-2017,England,50,56.1,42.5,69.6
Oesophagus,Persons,45-54,Non-standardised,Unknown/missing,1-year,2013-2017,England,273,54.4,48.5,60.3
Oesophagus,Persons,55-64,Non-standardised,Unknown/missing,1-year,2013-2017,England,785,46.8,43.3,50.3
Oesophagus,Persons,65-74,Non-standardised,Unknown/missing,1-year,2013-2017,England,"1,596",46.4,43.9,48.9
Oesophagus,Persons,75-99,Non-standardised,Unknown/missing,1-year,2013-2017,England,"3,972",26.5,25.1,28.0
Oesophagus,Persons,All ages,Non-standardised,Unknown/missing,1-year,2013-2017,England,"6,676",35.0,33.8,36.2
Oesophagus,Persons,All ages,Age-standardised,Unknown/missing,1-year,2013-2017,England,"6,676",40.8,39.4,42.3
Oesophagus,Persons,15-44,Non-standardised,All stages combined,1-year,2013-2017,England,487,56.2,51.8,60.7
Oesophagus,Persons,45-54,Non-standardised,All stages combined,1-year,2013-2017,England,"2,397",55.2,53.2,57.2
Oesophagus,Persons,55-64,Non-standardised,All stages combined,1-year,2013-2017,England,"7,028",53.9,52.7,55.0
Oesophagus,Persons,65-74,Non-standardised,All stages combined,1-year,2013-2017,England,"12,082",50.8,49.9,51.7
Oesophagus,Persons,75-99,Non-standardised,All stages combined,1-year,2013-2017,England,"15,175",33.8,33.0,34.5
Oesophagus,Persons,All ages,Non-standardised,All stages combined,1-year,2013-2017,England,"37,169",44.8,44.2,45.3
Oesophagus,Persons,All ages,Age-standardised,All stages combined,1-year,2013-2017,England,"37,169",46.5,46.0,47.1
Oesophagus,Persons,15-54,Non-standardised,Stage 1,5-years,2013-2017,England,243,66.8,57.5,76.1
Oesophagus,Persons,55-64,Non-standardised,Stage 1,5-years,2013-2017,England,711,62.7,57.2,68.2
Oesophagus,Persons,65-74,Non-standardised,Stage 1,5-years,2013-2017,England,"1,253",57.1,52.8,61.3
Oesophagus,Persons,75-99,Non-standardised,Stage 1,5-years,2013-2017,England,"1,444",36.5,31.8,41.3
Oesophagus,Persons,All ages,Non-standardised,Stage 1,5-years,2013-2017,England,"3,651",50.7,48.0,53.4
Oesophagus,Persons,All ages,Age-standardised,Stage 1,5-years,2013-2017,England,"3,651",52.8,50.0,55.8
Oesophagus,Persons,15-54,Non-standardised,Stage 2,5-years,2013-2017,England,298,39.2,31.8,46.7
Oesophagus,Persons,55-64,Non-standardised,Stage 2,5-years,2013-2017,England,810,41.8,37.4,46.2
Oesophagus,Persons,65-74,Non-standardised,Stage 2,5-years,2013-2017,England,"1,598",34.7,31.1,38.3
Oesophagus,Persons,75-99,Non-standardised,Stage 2,5-years,2013-2017,England,"1,999",16.6,13.8,19.4
Oesophagus,Persons,All ages,Non-standardised,Stage 2,5-years,2013-2017,England,"4,705",28.6,26.7,30.5
Oesophagus,Persons,All ages,Age-standardised,Stage 2,5-years,2013-2017,England,"4,705",29.9,27.9,32.2
Oesophagus,Persons,15-54,Non-standardised,Stage 3,5-years,2013-2017,England,951,25.2,21.5,28.9
Oesophagus,Persons,55-64,Non-standardised,Stage 3,5-years,2013-2017,England,"2,333",20.8,18.6,23.0
Oesophagus,Persons,65-74,Non-standardised,Stage 3,5-years,2013-2017,England,"3,799",19.7,18.0,21.5
Oesophagus,Persons,75-99,Non-standardised,Stage 3,5-years,2013-2017,England,"3,869",8.4,6.9,9.9
Oesophagus,Persons,All ages,Non-standardised,Stage 3,5-years,2013-2017,England,"10,952",16.5,15.5,17.5
Oesophagus,Persons,All ages,Age-standardised,Stage 3,5-years,2013-2017,England,"10,952",16.3,15.2,17.5
Oesophagus,Persons,15-44,Non-standardised,Stage 4,5-years,2013-2017,England,195,:,:,:
Oesophagus,Persons,45-54,Non-standardised,Stage 4,5-years,2013-2017,England,866,:,:,:
Oesophagus,Persons,55-64,Non-standardised,Stage 4,5-years,2013-2017,England,"2,377",3.4,2.4,4.4
Oesophagus,Persons,65-74,Non-standardised,Stage 4,5-years,2013-2017,England,"3,813",2.8,2.1,3.6
Oesophagus,Persons,75-99,Non-standardised,Stage 4,5-years,2013-2017,England,"3,842",:,:,:
Oesophagus,Persons,All ages,Non-standardised,Stage 4,5-years,2013-2017,England,"11,093",2.3,1.9,2.7
Oesophagus,Persons,All ages,Age-standardised,Stage 4,5-years,2013-2017,England,"11,093",:,:,:
Oesophagus,Persons,15-44,Non-standardised,Unstageable,5-years,2013-2017,England,2,:,:,:
Oesophagus,Persons,45-54,Non-standardised,Unstageable,5-years,2013-2017,England,6,:,:,:
Oesophagus,Persons,55-64,Non-standardised,Unstageable,5-years,2013-2017,England,12,:,:,:
Oesophagus,Persons,65-74,Non-standardised,Unstageable,5-years,2013-2017,England,23,:,:,:
Oesophagus,Persons,75-99,Non-standardised,Unstageable,5-years,2013-2017,England,49,:,:,:
Oesophagus,Persons,All ages,Non-standardised,Unstageable,5-years,2013-2017,England,92,:,:,:
Oesophagus,Persons,All ages,Age-standardised,Unstageable,5-years,2013-2017,England,92,:,:,:
Oesophagus,Persons,15-44,Non-standardised,Unknown/missing,5-years,2013-2017,England,50,:,:,:
Oesophagus,Persons,45-54,Non-standardised,Unknown/missing,5-years,2013-2017,England,273,:,:,:
Oesophagus,Persons,55-64,Non-standardised,Unknown/missing,5-years,2013-2017,England,785,22.8,19.4,26.1
Oesophagus,Persons,65-74,Non-standardised,Unknown/missing,5-years,2013-2017,England,"1,596",20.8,18.3,23.3
Oesophagus,Persons,75-99,Non-standardised,Unknown/missing,5-years,2013-2017,England,"3,972",6.8,5.5,8.0
Oesophagus,Persons,All ages,Non-standardised,Unknown/missing,5-years,2013-2017,England,"6,676",13.2,12.1,14.3
Oesophagus,Persons,All ages,Age-standardised,Unknown/missing,5-years,2013-2017,England,"6,676",:,:,:
Oesophagus,Persons,15-44,Non-standardised,All stages combined,5-years,2013-2017,England,487,19.4,14.8,24.1
Oesophagus,Persons,45-54,Non-standardised,All stages combined,5-years,2013-2017,England,"2,397",23.4,21.3,25.4
Oesophagus,Persons,55-64,Non-standardised,All stages combined,5-years,2013-2017,England,"7,028",21.9,20.7,23.1
Oesophagus,Persons,65-74,Non-standardised,All stages combined,5-years,2013-2017,England,"12,082",20.4,19.4,21.3
Oesophagus,Persons,75-99,Non-standardised,All stages combined,5-years,2013-2017,England,"15,175",9.8,9.0,10.6
Oesophagus,Persons,All ages,Non-standardised,All stages combined,5-years,2013-2017,England,"37,169",16.5,16.0,17.1
Oesophagus,Persons,All ages,Age-standardised,All stages combined,5-years,2013-2017,England,"37,169",17.0,16.4,17.6
Ovary,Women,15-44,Non-standardised,Stage 1,1-year,2013-2017,England,"2,125",99.5,99.2,99.8
Ovary,Women,45-54,Non-standardised,Stage 1,1-year,2013-2017,England,"1,995",98.9,98.4,99.4
Ovary,Women,55-64,Non-standardised,Stage 1,1-year,2013-2017,England,"1,928",98.9,98.4,99.5
Ovary,Women,65-74,Non-standardised,Stage 1,1-year,2013-2017,England,"1,699",98.2,97.3,99.0
Ovary,Women,75-99,Non-standardised,Stage 1,1-year,2013-2017,England,"1,143",96.5,94.8,98.1
Ovary,Women,All ages,Non-standardised,Stage 1,1-year,2013-2017,England,"8,890",98.6,98.3,98.9
Ovary,Women,All ages,Age-standardised,Stage 1,1-year,2013-2017,England,"8,890",98.0,97.5,98.6
Ovary,Women,15-44,Non-standardised,Stage 2,1-year,2013-2017,England,158,93.7,89.9,97.5
Ovary,Women,45-54,Non-standardised,Stage 2,1-year,2013-2017,England,316,95.5,93.1,97.8
Ovary,Women,55-64,Non-standardised,Stage 2,1-year,2013-2017,England,403,96.5,94.5,98.4
Ovary,Women,65-74,Non-standardised,Stage 2,1-year,2013-2017,England,471,93.3,90.8,95.7
Ovary,Women,75-99,Non-standardised,Stage 2,1-year,2013-2017,England,376,79.2,74.7,83.8
Ovary,Women,All ages,Non-standardised,Stage 2,1-year,2013-2017,England,"1,724",91.4,90.0,92.8
Ovary,Women,All ages,Age-standardised,Stage 2,1-year,2013-2017,England,"1,724",89.9,88.2,91.7
Ovary,Women,15-44,Non-standardised,Stage 3,1-year,2013-2017,England,509,92.4,90.0,94.7
Ovary,Women,45-54,Non-standardised,Stage 3,1-year,2013-2017,England,"1,141",89.6,87.8,91.4
Ovary,Women,55-64,Non-standardised,Stage 3,1-year,2013-2017,England,"2,045",83.5,81.9,85.2
Ovary,Women,65-74,Non-standardised,Stage 3,1-year,2013-2017,England,"3,020",77.7,76.2,79.2
Ovary,Women,75-99,Non-standardised,Stage 3,1-year,2013-2017,England,"2,824",53.9,52.0,55.9
Ovary,Women,All ages,Non-standardised,Stage 3,1-year,2013-2017,England,"9,539",74.1,73.2,75.0
Ovary,Women,All ages,Age-standardised,Stage 3,1-year,2013-2017,England,"9,539",73.2,72.2,74.1
Ovary,Women,15-44,Non-standardised,Stage 4,1-year,2013-2017,England,200,67.6,61.1,74.0
Ovary,Women,45-54,Non-standardised,Stage 4,1-year,2013-2017,England,569,79.1,75.7,82.4
Ovary,Women,55-64,Non-standardised,Stage 4,1-year,2013-2017,England,"1,051",70.6,67.8,73.3
Ovary,Women,65-74,Non-standardised,Stage 4,1-year,2013-2017,England,"1,773",57.8,55.4,60.1
Ovary,Women,75-99,Non-standardised,Stage 4,1-year,2013-2017,England,"1,993",32.5,30.4,34.7
Ovary,Women,All ages,Non-standardised,Stage 4,1-year,2013-2017,England,"5,586",53.7,52.4,55.0
Ovary,Women,All ages,Age-standardised,Stage 4,1-year,2013-2017,England,"5,586",53.8,52.4,55.1
Ovary,Women,15-44,Non-standardised,Unstageable,1-year,2013-2017,England,46,82.7,71.8,93.5
Ovary,Women,45-54,Non-standardised,Unstageable,1-year,2013-2017,England,38,84.3,72.9,95.8
Ovary,Women,55-64,Non-standardised,Unstageable,1-year,2013-2017,England,37,78.6,65.5,91.7
Ovary,Women,65-74,Non-standardised,Unstageable,1-year,2013-2017,England,39,72.5,58.5,86.6
Ovary,Women,75-99,Non-standardised,Unstageable,1-year,2013-2017,England,41,46.2,30.4,62.0
Ovary,Women,All ages,Non-standardised,Unstageable,1-year,2013-2017,England,201,73.0,66.7,79.3
Ovary,Women,All ages,Age-standardised,Unstageable,1-year,2013-2017,England,201,66.6,59.0,75.3
Ovary,Women,15-44,Non-standardised,Unknown/missing,1-year,2013-2017,England,583,95.7,94.1,97.4
Ovary,Women,45-54,Non-standardised,Unknown/missing,1-year,2013-2017,England,521,87.7,84.8,90.5
Ovary,Women,55-64,Non-standardised,Unknown/missing,1-year,2013-2017,England,640,77.1,73.8,80.4
Ovary,Women,65-74,Non-standardised,Unknown/missing,1-year,2013-2017,England,936,55.5,52.3,58.7
Ovary,Women,75-99,Non-standardised,Unknown/missing,1-year,2013-2017,England,"1,981",26.2,24.2,28.2
Ovary,Women,All ages,Non-standardised,Unknown/missing,1-year,2013-2017,England,"4,661",54.6,53.1,56.1
Ovary,Women,All ages,Age-standardised,Unknown/missing,1-year,2013-2017,England,"4,661",52.8,51.3,54.4
Ovary,Women,15-44,Non-standardised,All stages combined,1-year,2013-2017,England,"3,621",95.7,95.0,96.3
Ovary,Women,45-54,Non-standardised,All stages combined,1-year,2013-2017,England,"4,580",92.5,91.7,93.3
Ovary,Women,55-64,Non-standardised,All stages combined,1-year,2013-2017,England,"6,104",86.3,85.4,87.2
Ovary,Women,65-74,Non-standardised,All stages combined,1-year,2013-2017,England,"7,938",75.9,74.9,76.9
Ovary,Women,75-99,Non-standardised,All stages combined,1-year,2013-2017,England,"8,358",49.2,48.0,50.3
Ovary,Women,All ages,Non-standardised,All stages combined,1-year,2013-2017,England,"30,601",75.5,75.0,76.0
Ovary,Women,All ages,Age-standardised,All stages combined,1-year,2013-2017,England,"30,601",71.7,71.2,72.3
Ovary,Women,15-44,Non-standardised,Stage 1,5-years,2013-2017,England,"2,125",96.9,95.9,98.0
Ovary,Women,45-54,Non-standardised,Stage 1,5-years,2013-2017,England,"1,995",93.4,91.7,95.1
Ovary,Women,55-64,Non-standardised,Stage 1,5-years,2013-2017,England,"1,928",94.1,92.4,95.8
Ovary,Women,65-74,Non-standardised,Stage 1,5-years,2013-2017,England,"1,699",92.8,90.3,95.3
Ovary,Women,75-99,Non-standardised,Stage 1,5-years,2013-2017,England,"1,143",92.2,87.1,97.3
Ovary,Women,All ages,Non-standardised,Stage 1,5-years,2013-2017,England,"8,890",94.1,93.1,95.2
Ovary,Women,All ages,Age-standardised,Stage 1,5-years,2013-2017,England,"8,890",93.3,91.6,95.0
Ovary,Women,15-54,Non-standardised,Stage 2,5-years,2013-2017,England,474,77.9,72.1,83.7
Ovary,Women,55-64,Non-standardised,Stage 2,5-years,2013-2017,England,403,81.9,76.7,87.1
Ovary,Women,65-74,Non-standardised,Stage 2,5-years,2013-2017,England,471,68.8,62.1,75.6
Ovary,Women,75-99,Non-standardised,Stage 2,5-years,2013-2017,England,376,52.2,42.4,61.9
Ovary,Women,All ages,Non-standardised,Stage 2,5-years,2013-2017,England,"1,724",70.9,67.5,74.4
Ovary,Women,All ages,Age-standardised,Stage 2,5-years,2013-2017,England,"1,724",67.7,63.4,72.2
Ovary,Women,15-44,Non-standardised,Stage 3,5-years,2013-2017,England,509,66.9,61.5,72.2
Ovary,Women,45-54,Non-standardised,Stage 3,5-years,2013-2017,England,"1,141",46.9,42.6,51.2
Ovary,Women,55-64,Non-standardised,Stage 3,5-years,2013-2017,England,"2,045",33.9,30.9,36.9
Ovary,Women,65-74,Non-standardised,Stage 3,5-years,2013-2017,England,"3,020",28.6,26.1,31.0
Ovary,Women,75-99,Non-standardised,Stage 3,5-years,2013-2017,England,"2,824",13.5,11.2,15.9
Ovary,Women,All ages,Non-standardised,Stage 3,5-years,2013-2017,England,"9,539",29.6,28.2,31.0
Ovary,Women,All ages,Age-standardised,Stage 3,5-years,2013-2017,England,"9,539",26.9,25.3,28.6
Ovary,Women,15-44,Non-standardised,Stage 4,5-years,2013-2017,England,200,26.1,18.4,33.9
Ovary,Women,45-54,Non-standardised,Stage 4,5-years,2013-2017,England,569,27.5,22.3,32.7
Ovary,Women,55-64,Non-standardised,Stage 4,5-years,2013-2017,England,"1,051",20.4,16.8,24.0
Ovary,Women,65-74,Non-standardised,Stage 4,5-years,2013-2017,England,"1,773",15.4,12.8,18.0
Ovary,Women,75-99,Non-standardised,Stage 4,5-years,2013-2017,England,"1,993",5.3,3.4,7.1
Ovary,Women,All ages,Non-standardised,Stage 4,5-years,2013-2017,England,"5,586",14.5,13.1,15.9
Ovary,Women,All ages,Age-standardised,Stage 4,5-years,2013-2017,England,"5,586",13.4,11.8,15.2
Ovary,Women,15-44,Non-standardised,Unstageable,5-years,2013-2017,England,46,:,:,:
Ovary,Women,45-54,Non-standardised,Unstageable,5-years,2013-2017,England,38,:,:,:
Ovary,Women,55-64,Non-standardised,Unstageable,5-years,2013-2017,England,37,:,:,:
Ovary,Women,65-74,Non-standardised,Unstageable,5-years,2013-2017,England,39,:,:,:
Ovary,Women,75-99,Non-standardised,Unstageable,5-years,2013-2017,England,41,:,:,:
Ovary,Women,All ages,Non-standardised,Unstageable,5-years,2013-2017,England,201,:,:,:
Ovary,Women,All ages,Age-standardised,Unstageable,5-years,2013-2017,England,201,:,:,:
Ovary,Women,15-54,Non-standardised,Unknown/missing,5-years,2013-2017,England,"1,104",82.8,80.3,85.3
Ovary,Women,55-64,Non-standardised,Unknown/missing,5-years,2013-2017,England,640,52.7,48.1,57.4
Ovary,Women,65-74,Non-standardised,Unknown/missing,5-years,2013-2017,England,936,30.9,27.4,34.5
Ovary,Women,75-99,Non-standardised,Unknown/missing,5-years,2013-2017,England,"1,981",10.3,8.3,12.2
Ovary,Women,All ages,Non-standardised,Unknown/missing,5-years,2013-2017,England,"4,661",37.3,35.6,38.9
Ovary,Women,All ages,Age-standardised,Unknown/missing,5-years,2013-2017,England,"4,661",30.6,28.6,32.8
Ovary,Women,15-44,Non-standardised,All stages combined,5-years,2013-2017,England,"3,621",87.0,85.6,88.4
Ovary,Women,45-54,Non-standardised,All stages combined,5-years,2013-2017,England,"4,580",69.8,68.0,71.6
Ovary,Women,55-64,Non-standardised,All stages combined,5-years,2013-2017,England,"6,104",55.8,54.1,57.5
Ovary,Women,65-74,Non-standardised,All stages combined,5-years,2013-2017,England,"7,938",42.3,40.8,43.9
Ovary,Women,75-99,Non-standardised,All stages combined,5-years,2013-2017,England,"8,358",23.7,22.3,25.2
Ovary,Women,All ages,Non-standardised,All stages combined,5-years,2013-2017,England,"30,601",49.4,48.6,50.2
Ovary,Women,All ages,Age-standardised,All stages combined,5-years,2013-2017,England,"30,601",42.6,41.7,43.6
Pancreas,Men,15-44,Non-standardised,Stage 1,1-year,2013-2017,England,29,,,
Pancreas,Men,45-54,Non-standardised,Stage 1,1-year,2013-2017,England,70,,,
Pancreas,Men,55-64,Non-standardised,Stage 1,1-year,2013-2017,England,142,,,
Pancreas,Men,65-74,Non-standardised,Stage 1,1-year,2013-2017,England,290,,,
Pancreas,Men,75-99,Non-standardised,Stage 1,1-year,2013-2017,England,515,,,
Pancreas,Men,All ages,Non-standardised,Stage 1,1-year,2013-2017,England,"1,046",,,
Pancreas,Men,All ages,Age-standardised,Stage 1,1-year,2013-2017,England,"1,046",,,
Pancreas,Men,15-44,Non-standardised,Stage 2,1-year,2013-2017,England,46,,,
Pancreas,Men,45-54,Non-standardised,Stage 2,1-year,2013-2017,England,188,,,
Pancreas,Men,55-64,Non-standardised,Stage 2,1-year,2013-2017,England,507,,,
Pancreas,Men,65-74,Non-standardised,Stage 2,1-year,2013-2017,England,841,,,
Pancreas,Men,75-99,Non-standardised,Stage 2,1-year,2013-2017,England,804,,,
Pancreas,Men,All ages,Non-standardised,Stage 2,1-year,2013-2017,England,"2,386",,,
Pancreas,Men,All ages,Age-standardised,Stage 2,1-year,2013-2017,England,"2,386",,,
Pancreas,Men,15-44,Non-standardised,Stage 3,1-year,2013-2017,England,38,,,
Pancreas,Men,45-54,Non-standardised,Stage 3,1-year,2013-2017,England,133,,,
Pancreas,Men,55-64,Non-standardised,Stage 3,1-year,2013-2017,England,327,,,
Pancreas,Men,65-74,Non-standardised,Stage 3,1-year,2013-2017,England,579,,,
Pancreas,Men,75-99,Non-standardised,Stage 3,1-year,2013-2017,England,602,,,
Pancreas,Men,All ages,Non-standardised,Stage 3,1-year,2013-2017,England,"1,679",,,
Pancreas,Men,All ages,Age-standardised,Stage 3,1-year,2013-2017,England,"1,679",,,
Pancreas,Men,15-44,Non-standardised,Stage 4,1-year,2013-2017,England,211,,,
Pancreas,Men,45-54,Non-standardised,Stage 4,1-year,2013-2017,England,819,,,
Pancreas,Men,55-64,Non-standardised,Stage 4,1-year,2013-2017,England,"1,912",,,
Pancreas,Men,65-74,Non-standardised,Stage 4,1-year,2013-2017,England,"3,686",,,
Pancreas,Men,75-99,Non-standardised,Stage 4,1-year,2013-2017,England,"4,154",,,
Pancreas,Men,All ages,Non-standardised,Stage 4,1-year,2013-2017,England,"10,782",,,
Pancreas,Men,All ages,Age-standardised,Stage 4,1-year,2013-2017,England,"10,782",,,
Pancreas,Men,15-44,Non-standardised,Unstageable,1-year,2013-2017,England,2,,,
Pancreas,Men,45-54,Non-standardised,Unstageable,1-year,2013-2017,England,2,,,
Pancreas,Men,55-64,Non-standardised,Unstageable,1-year,2013-2017,England,1,,,
Pancreas,Men,65-74,Non-standardised,Unstageable,1-year,2013-2017,England,4,,,
Pancreas,Men,75-99,Non-standardised,Unstageable,1-year,2013-2017,England,9,,,
Pancreas,Men,All ages,Non-standardised,Unstageable,1-year,2013-2017,England,18,,,
Pancreas,Men,All ages,Age-standardised,Unstageable,1-year,2013-2017,England,18,,,
Pancreas,Men,15-44,Non-standardised,Unknown/missing,1-year,2013-2017,England,75,,,
Pancreas,Men,45-54,Non-standardised,Unknown/missing,1-year,2013-2017,England,251,,,
Pancreas,Men,55-64,Non-standardised,Unknown/missing,1-year,2013-2017,England,689,,,
Pancreas,Men,65-74,Non-standardised,Unknown/missing,1-year,2013-2017,England,"1,400",,,
Pancreas,Men,75-99,Non-standardised,Unknown/missing,1-year,2013-2017,England,"2,741",,,
Pancreas,Men,All ages,Non-standardised,Unknown/missing,1-year,2013-2017,England,"5,156",,,
Pancreas,Men,All ages,Age-standardised,Unknown/missing,1-year,2013-2017,England,"5,156",,,
Pancreas,Men,15-44,Non-standardised,All stages combined,1-year,2013-2017,England,401,51.1,46.2,56.0
Pancreas,Men,45-54,Non-standardised,All stages combined,1-year,2013-2017,England,"1,463",36.2,33.7,38.6
Pancreas,Men,55-64,Non-standardised,All stages combined,1-year,2013-2017,England,"3,578",31.0,29.5,32.5
Pancreas,Men,65-74,Non-standardised,All stages combined,1-year,2013-2017,England,"6,800",24.8,23.8,25.9
Pancreas,Men,75-99,Non-standardised,All stages combined,1-year,2013-2017,England,"8,825",14.9,14.1,15.7
Pancreas,Men,All ages,Non-standardised,All stages combined,1-year,2013-2017,England,"21,067",23.0,22.4,23.6
Pancreas,Men,All ages,Age-standardised,All stages combined,1-year,2013-2017,England,"21,067",24.8,24.2,25.4
Pancreas,Men,15-44,Non-standardised,Stage 1,5-years,2013-2017,England,29,,,
Pancreas,Men,45-54,Non-standardised,Stage 1,5-years,2013-2017,England,70,,,
Pancreas,Men,55-64,Non-standardised,Stage 1,5-years,2013-2017,England,142,,,
Pancreas,Men,65-74,Non-standardised,Stage 1,5-years,2013-2017,England,290,,,
Pancreas,Men,75-99,Non-standardised,Stage 1,5-years,2013-2017,England,515,,,
Pancreas,Men,All ages,Non-standardised,Stage 1,5-years,2013-2017,England,"1,046",,,
Pancreas,Men,All ages,Age-standardised,Stage 1,5-years,2013-2017,England,"1,046",,,
Pancreas,Men,15-54,Non-standardised,Stage 2,5-years,2013-2017,England,234,,,
Pancreas,Men,55-64,Non-standardised,Stage 2,5-years,2013-2017,England,507,,,
Pancreas,Men,65-74,Non-standardised,Stage 2,5-years,2013-2017,England,841,,,
Pancreas,Men,75-99,Non-standardised,Stage 2,5-years,2013-2017,England,804,,,
Pancreas,Men,All ages,Non-standardised,Stage 2,5-years,2013-2017,England,"2,386",,,
Pancreas,Men,All ages,Age-standardised,Stage 2,5-years,2013-2017,England,"2,386",,,
Pancreas,Men,15-44,Non-standardised,Stage 3,5-years,2013-2017,England,38,,,
Pancreas,Men,45-54,Non-standardised,Stage 3,5-years,2013-2017,England,133,,,
Pancreas,Men,55-64,Non-standardised,Stage 3,5-years,2013-2017,England,327,,,
Pancreas,Men,65-74,Non-standardised,Stage 3,5-years,2013-2017,England,579,,,
Pancreas,Men,75-99,Non-standardised,Stage 3,5-years,2013-2017,England,602,,,
Pancreas,Men,All ages,Non-standardised,Stage 3,5-years,2013-2017,England,"1,679",,,
Pancreas,Men,All ages,Age-standardised,Stage 3,5-years,2013-2017,England,"1,679",,,
Pancreas,Men,15-44,Non-standardised,Stage 4,5-years,2013-2017,England,211,,,
Pancreas,Men,45-54,Non-standardised,Stage 4,5-years,2013-2017,England,819,,,
Pancreas,Men,55-64,Non-standardised,Stage 4,5-years,2013-2017,England,"1,912",,,
Pancreas,Men,65-74,Non-standardised,Stage 4,5-years,2013-2017,England,"3,686",,,
Pancreas,Men,75-99,Non-standardised,Stage 4,5-years,2013-2017,England,"4,154",,,
Pancreas,Men,All ages,Non-standardised,Stage 4,5-years,2013-2017,England,"10,782",,,
Pancreas,Men,All ages,Age-standardised,Stage 4,5-years,2013-2017,England,"10,782",,,
Pancreas,Men,15-44,Non-standardised,Unstageable,5-years,2013-2017,England,2,,,
Pancreas,Men,45-54,Non-standardised,Unstageable,5-years,2013-2017,England,2,,,
Pancreas,Men,55-64,Non-standardised,Unstageable,5-years,2013-2017,England,1,,,
Pancreas,Men,65-74,Non-standardised,Unstageable,5-years,2013-2017,England,4,,,
Pancreas,Men,75-99,Non-standardised,Unstageable,5-years,2013-2017,England,9,,,
Pancreas,Men,All ages,Non-standardised,Unstageable,5-years,2013-2017,England,18,,,
Pancreas,Men,All ages,Age-standardised,Unstageable,5-years,2013-2017,England,18,,,
Pancreas,Men,15-44,Non-standardised,Unknown/missing,5-years,2013-2017,England,75,,,
Pancreas,Men,45-54,Non-standardised,Unknown/missing,5-years,2013-2017,England,251,,,
Pancreas,Men,55-64,Non-standardised,Unknown/missing,5-years,2013-2017,England,689,,,
Pancreas,Men,65-74,Non-standardised,Unknown/missing,5-years,2013-2017,England,"1,400",,,
Pancreas,Men,75-99,Non-standardised,Unknown/missing,5-years,2013-2017,England,"2,741",,,
Pancreas,Men,All ages,Non-standardised,Unknown/missing,5-years,2013-2017,England,"5,156",,,
Pancreas,Men,All ages,Age-standardised,Unknown/missing,5-years,2013-2017,England,"5,156",,,
Pancreas,Men,15-44,Non-standardised,All stages combined,5-years,2013-2017,England,401,25.3,20.0,30.7
Pancreas,Men,45-54,Non-standardised,All stages combined,5-years,2013-2017,England,"1,463",12.7,10.5,14.9
Pancreas,Men,55-64,Non-standardised,All stages combined,5-years,2013-2017,England,"3,578",8.2,7.1,9.4
Pancreas,Men,65-74,Non-standardised,All stages combined,5-years,2013-2017,England,"6,800",5.9,5.1,6.7
Pancreas,Men,75-99,Non-standardised,All stages combined,5-years,2013-2017,England,"8,825",3.2,2.6,3.9
Pancreas,Men,All ages,Non-standardised,All stages combined,5-years,2013-2017,England,"21,067",6.0,5.5,6.5
Pancreas,Men,All ages,Age-standardised,All stages combined,5-years,2013-2017,England,"21,067",6.5,6.0,7.0
Pancreas,Women,15-44,Non-standardised,Stage 1,1-year,2013-2017,England,44,,,
Pancreas,Women,45-54,Non-standardised,Stage 1,1-year,2013-2017,England,61,,,
Pancreas,Women,55-64,Non-standardised,Stage 1,1-year,2013-2017,England,114,,,
Pancreas,Women,65-74,Non-standardised,Stage 1,1-year,2013-2017,England,274,,,
Pancreas,Women,75-99,Non-standardised,Stage 1,1-year,2013-2017,England,647,,,
Pancreas,Women,All ages,Non-standardised,Stage 1,1-year,2013-2017,England,"1,140",,,
Pancreas,Women,All ages,Age-standardised,Stage 1,1-year,2013-2017,England,"1,140",,,
Pancreas,Women,15-44,Non-standardised,Stage 2,1-year,2013-2017,England,50,,,
Pancreas,Women,45-54,Non-standardised,Stage 2,1-year,2013-2017,England,152,,,
Pancreas,Women,55-64,Non-standardised,Stage 2,1-year,2013-2017,England,375,,,
Pancreas,Women,65-74,Non-standardised,Stage 2,1-year,2013-2017,England,726,,,
Pancreas,Women,75-99,Non-standardised,Stage 2,1-year,2013-2017,England,886,,,
Pancreas,Women,All ages,Non-standardised,Stage 2,1-year,2013-2017,England,"2,189",,,
Pancreas,Women,All ages,Age-standardised,Stage 2,1-year,2013-2017,England,"2,189",,,
Pancreas,Women,15-44,Non-standardised,Stage 3,1-year,2013-2017,England,31,,,
Pancreas,Women,45-54,Non-standardised,Stage 3,1-year,2013-2017,England,114,,,
Pancreas,Women,55-64,Non-standardised,Stage 3,1-year,2013-2017,England,278,,,
Pancreas,Women,65-74,Non-standardised,Stage 3,1-year,2013-2017,England,548,,,
Pancreas,Women,75-99,Non-standardised,Stage 3,1-year,2013-2017,England,714,,,
Pancreas,Women,All ages,Non-standardised,Stage 3,1-year,2013-2017,England,"1,685",,,
Pancreas,Women,All ages,Age-standardised,Stage 3,1-year,2013-2017,England,"1,685",,,
Pancreas,Women,15-44,Non-standardised,Stage 4,1-year,2013-2017,England,137,,,
Pancreas,Women,45-54,Non-standardised,Stage 4,1-year,2013-2017,England,566,,,
Pancreas,Women,55-64,Non-standardised,Stage 4,1-year,2013-2017,England,"1,485",,,
Pancreas,Women,65-74,Non-standardised,Stage 4,1-year,2013-2017,England,"2,925",,,
Pancreas,Women,75-99,Non-standardised,Stage 4,1-year,2013-2017,England,"4,716",,,
Pancreas,Women,All ages,Non-standardised,Stage 4,1-year,2013-2017,England,"9,829",,,
Pancreas,Women,All ages,Age-standardised,Stage 4,1-year,2013-2017,England,"9,829",,,
Pancreas,Women,15-44,Non-standardised,Unstageable,1-year,2013-2017,England,2,,,
Pancreas,Women,45-54,Non-standardised,Unstageable,1-year,2013-2017,England,2,,,
Pancreas,Women,55-64,Non-standardised,Unstageable,1-year,2013-2017,England,2,,,
Pancreas,Women,65-74,Non-standardised,Unstageable,1-year,2013-2017,England,5,,,
Pancreas,Women,75-99,Non-standardised,Unstageable,1-year,2013-2017,England,3,,,
Pancreas,Women,All ages,Non-standardised,Unstageable,1-year,2013-2017,England,14,,,
Pancreas,Women,All ages,Age-standardised,Unstageable,1-year,2013-2017,England,14,,,
Pancreas,Women,15-44,Non-standardised,Unknown/missing,1-year,2013-2017,England,92,,,
Pancreas,Women,45-54,Non-standardised,Unknown/missing,1-year,2013-2017,England,203,,,
Pancreas,Women,55-64,Non-standardised,Unknown/missing,1-year,2013-2017,England,531,,,
Pancreas,Women,65-74,Non-standardised,Unknown/missing,1-year,2013-2017,England,"1,085",,,
Pancreas,Women,75-99,Non-standardised,Unknown/missing,1-year,2013-2017,England,"3,564",,,
Pancreas,Women,All ages,Non-standardised,Unknown/missing,1-year,2013-2017,England,"5,475",,,
Pancreas,Women,All ages,Age-standardised,Unknown/missing,1-year,2013-2017,England,"5,475",,,
Pancreas,Women,15-44,Non-standardised,All stages combined,1-year,2013-2017,England,356,66.6,61.7,71.5
Pancreas,Women,45-54,Non-standardised,All stages combined,1-year,2013-2017,England,"1,098",42.8,39.9,45.7
Pancreas,Women,55-64,Non-standardised,All stages combined,1-year,2013-2017,England,"2,785",35.0,33.2,36.7
Pancreas,Women,65-74,Non-standardised,All stages combined,1-year,2013-2017,England,"5,563",26.5,25.3,27.6
Pancreas,Women,75-99,Non-standardised,All stages combined,1-year,2013-2017,England,"10,530",13.4,12.7,14.1
Pancreas,Women,All ages,Non-standardised,All stages combined,1-year,2013-2017,England,"20,332",22.4,21.9,23.0
Pancreas,Women,All ages,Age-standardised,All stages combined,1-year,2013-2017,England,"20,332",26.2,25.5,26.8
Pancreas,Women,15-44,Non-standardised,Stage 1,5-years,2013-2017,England,44,,,
Pancreas,Women,45-54,Non-standardised,Stage 1,5-years,2013-2017,England,61,,,
Pancreas,Women,55-64,Non-standardised,Stage 1,5-years,2013-2017,England,114,,,
Pancreas,Women,65-74,Non-standardised,Stage 1,5-years,2013-2017,England,274,,,
Pancreas,Women,75-99,Non-standardised,Stage 1,5-years,2013-2017,England,647,,,
Pancreas,Women,All ages,Non-standardised,Stage 1,5-years,2013-2017,England,"1,140",,,
Pancreas,Women,All ages,Age-standardised,Stage 1,5-years,2013-2017,England,"1,140",,,
Pancreas,Women,15-44,Non-standardised,Stage 2,5-years,2013-2017,England,50,,,
Pancreas,Women,45-54,Non-standardised,Stage 2,5-years,2013-2017,England,152,,,
Pancreas,Women,55-64,Non-standardised,Stage 2,5-years,2013-2017,England,375,,,
Pancreas,Women,65-74,Non-standardised,Stage 2,5-years,2013-2017,England,726,,,
Pancreas,Women,75-99,Non-standardised,Stage 2,5-years,2013-2017,England,886,,,
Pancreas,Women,All ages,Non-standardised,Stage 2,5-years,2013-2017,England,"2,189",,,
Pancreas,Women,All ages,Age-standardised,Stage 2,5-years,2013-2017,England,"2,189",,,
Pancreas,Women,15-44,Non-standardised,Stage 3,5-years,2013-2017,England,31,,,
Pancreas,Women,45-54,Non-standardised,Stage 3,5-years,2013-2017,England,114,,,
Pancreas,Women,55-64,Non-standardised,Stage 3,5-years,2013-2017,England,278,,,
Pancreas,Women,65-74,Non-standardised,Stage 3,5-years,2013-2017,England,548,,,
Pancreas,Women,75-99,Non-standardised,Stage 3,5-years,2013-2017,England,714,,,
Pancreas,Women,All ages,Non-standardised,Stage 3,5-years,2013-2017,England,"1,685",,,
Pancreas,Women,All ages,Age-standardised,Stage 3,5-years,2013-2017,England,"1,685",,,
Pancreas,Women,15-44,Non-standardised,Stage 4,5-years,2013-2017,England,137,,,
Pancreas,Women,45-54,Non-standardised,Stage 4,5-years,2013-2017,England,566,,,
Pancreas,Women,55-64,Non-standardised,Stage 4,5-years,2013-2017,England,"1,485",,,
Pancreas,Women,65-74,Non-standardised,Stage 4,5-years,2013-2017,England,"2,925",,,
Pancreas,Women,75-99,Non-standardised,Stage 4,5-years,2013-2017,England,"4,716",,,
Pancreas,Women,All ages,Non-standardised,Stage 4,5-years,2013-2017,England,"9,829",,,
Pancreas,Women,All ages,Age-standardised,Stage 4,5-years,2013-2017,England,"9,829",,,
Pancreas,Women,15-44,Non-standardised,Unstageable,5-years,2013-2017,England,2,,,
Pancreas,Women,45-54,Non-standardised,Unstageable,5-years,2013-2017,England,2,,,
Pancreas,Women,55-64,Non-standardised,Unstageable,5-years,2013-2017,England,2,,,
Pancreas,Women,65-74,Non-standardised,Unstageable,5-years,2013-2017,England,5,,,
Pancreas,Women,75-99,Non-standardised,Unstageable,5-years,2013-2017,England,3,,,
Pancreas,Women,All ages,Non-standardised,Unstageable,5-years,2013-2017,England,14,,,
Pancreas,Women,All ages,Age-standardised,Unstageable,5-years,2013-2017,England,14,,,
Pancreas,Women,15-54,Non-standardised,Unknown/missing,5-years,2013-2017,England,295,,,
Pancreas,Women,55-64,Non-standardised,Unknown/missing,5-years,2013-2017,England,531,,,
Pancreas,Women,65-74,Non-standardised,Unknown/missing,5-years,2013-2017,England,"1,085",,,
Pancreas,Women,75-99,Non-standardised,Unknown/missing,5-years,2013-2017,England,"3,564",,,
Pancreas,Women,All ages,Non-standardised,Unknown/missing,5-years,2013-2017,England,"5,475",,,
Pancreas,Women,All ages,Age-standardised,Unknown/missing,5-years,2013-2017,England,"5,475",,,
Pancreas,Women,15-54,Non-standardised,All stages combined,5-years,2013-2017,England,"1,454",25.6,23.0,28.2
Pancreas,Women,55-64,Non-standardised,All stages combined,5-years,2013-2017,England,"2,785",10.7,9.2,12.2
Pancreas,Women,65-74,Non-standardised,All stages combined,5-years,2013-2017,England,"5,563",7.1,6.3,8.0
Pancreas,Women,75-99,Non-standardised,All stages combined,5-years,2013-2017,England,"10,530",3.5,2.9,4.1
Pancreas,Women,All ages,Non-standardised,All stages combined,5-years,2013-2017,England,"20,332",7.1,6.6,7.6
Pancreas,Women,All ages,Age-standardised,All stages combined,5-years,2013-2017,England,"20,332",8.1,7.6,8.7
Pancreas,Persons,15-44,Non-standardised,Stage 1,1-year,2013-2017,England,73,,,
Pancreas,Persons,45-54,Non-standardised,Stage 1,1-year,2013-2017,England,131,,,
Pancreas,Persons,55-64,Non-standardised,Stage 1,1-year,2013-2017,England,256,,,
Pancreas,Persons,65-74,Non-standardised,Stage 1,1-year,2013-2017,England,564,,,
Pancreas,Persons,75-99,Non-standardised,Stage 1,1-year,2013-2017,England,"1,162",,,
Pancreas,Persons,All ages,Non-standardised,Stage 1,1-year,2013-2017,England,"2,186",,,
Pancreas,Persons,All ages,Age-standardised,Stage 1,1-year,2013-2017,England,"2,186",,,
Pancreas,Persons,15-44,Non-standardised,Stage 2,1-year,2013-2017,England,96,,,
Pancreas,Persons,45-54,Non-standardised,Stage 2,1-year,2013-2017,England,340,,,
Pancreas,Persons,55-64,Non-standardised,Stage 2,1-year,2013-2017,England,882,,,
Pancreas,Persons,65-74,Non-standardised,Stage 2,1-year,2013-2017,England,"1,567",,,
Pancreas,Persons,75-99,Non-standardised,Stage 2,1-year,2013-2017,England,"1,690",,,
Pancreas,Persons,All ages,Non-standardised,Stage 2,1-year,2013-2017,England,"4,575",,,
Pancreas,Persons,All ages,Age-standardised,Stage 2,1-year,2013-2017,England,"4,575",,,
Pancreas,Persons,15-44,Non-standardised,Stage 3,1-year,2013-2017,England,69,,,
Pancreas,Persons,45-54,Non-standardised,Stage 3,1-year,2013-2017,England,247,,,
Pancreas,Persons,55-64,Non-standardised,Stage 3,1-year,2013-2017,England,605,,,
Pancreas,Persons,65-74,Non-standardised,Stage 3,1-year,2013-2017,England,"1,127",,,
Pancreas,Persons,75-99,Non-standardised,Stage 3,1-year,2013-2017,England,"1,316",,,
Pancreas,Persons,All ages,Non-standardised,Stage 3,1-year,2013-2017,England,"3,364",,,
Pancreas,Persons,All ages,Age-standardised,Stage 3,1-year,2013-2017,England,"3,364",,,
Pancreas,Persons,15-44,Non-standardised,Stage 4,1-year,2013-2017,England,348,,,
Pancreas,Persons,45-54,Non-standardised,Stage 4,1-year,2013-2017,England,"1,385",,,
Pancreas,Persons,55-64,Non-standardised,Stage 4,1-year,2013-2017,England,"3,397",,,
Pancreas,Persons,65-74,Non-standardised,Stage 4,1-year,2013-2017,England,"6,611",,,
Pancreas,Persons,75-99,Non-standardised,Stage 4,1-year,2013-2017,England,"8,870",,,
Pancreas,Persons,All ages,Non-standardised,Stage 4,1-year,2013-2017,England,"20,611",,,
Pancreas,Persons,All ages,Age-standardised,Stage 4,1-year,2013-2017,England,"20,611",,,
Pancreas,Persons,15-44,Non-standardised,Unstageable,1-year,2013-2017,England,4,,,
Pancreas,Persons,45-54,Non-standardised,Unstageable,1-year,2013-2017,England,4,,,
Pancreas,Persons,55-64,Non-standardised,Unstageable,1-year,2013-2017,England,3,,,
Pancreas,Persons,65-74,Non-standardised,Unstageable,1-year,2013-2017,England,9,,,
Pancreas,Persons,75-99,Non-standardised,Unstageable,1-year,2013-2017,England,12,,,
Pancreas,Persons,All ages,Non-standardised,Unstageable,1-year,2013-2017,England,32,,,
Pancreas,Persons,All ages,Age-standardised,Unstageable,1-year,2013-2017,England,32,,,
Pancreas,Persons,15-44,Non-standardised,Unknown/missing,1-year,2013-2017,England,167,,,
Pancreas,Persons,45-54,Non-standardised,Unknown/missing,1-year,2013-2017,England,454,,,
Pancreas,Persons,55-64,Non-standardised,Unknown/missing,1-year,2013-2017,England,"1,220",,,
Pancreas,Persons,65-74,Non-standardised,Unknown/missing,1-year,2013-2017,England,"2,485",,,
Pancreas,Persons,75-99,Non-standardised,Unknown/missing,1-year,2013-2017,England,"6,305",,,
Pancreas,Persons,All ages,Non-standardised,Unknown/missing,1-year,2013-2017,England,"10,631",,,
Pancreas,Persons,All ages,Age-standardised,Unknown/missing,1-year,2013-2017,England,"10,631",,,
Pancreas,Persons,15-44,Non-standardised,All stages combined,1-year,2013-2017,England,757,58.4,54.9,61.9
Pancreas,Persons,45-54,Non-standardised,All stages combined,1-year,2013-2017,England,"2,561",39.0,37.1,40.9
Pancreas,Persons,55-64,Non-standardised,All stages combined,1-year,2013-2017,England,"6,363",32.7,31.6,33.9
Pancreas,Persons,65-74,Non-standardised,All stages combined,1-year,2013-2017,England,"12,363",25.6,24.8,26.3
Pancreas,Persons,75-99,Non-standardised,All stages combined,1-year,2013-2017,England,"19,355",14.1,13.6,14.6
Pancreas,Persons,All ages,Non-standardised,All stages combined,1-year,2013-2017,England,"41,399",22.7,22.3,23.1
Pancreas,Persons,All ages,Age-standardised,All stages combined,1-year,2013-2017,England,"41,399",25.4,24.9,25.8
Pancreas,Persons,15-44,Non-standardised,Stage 1,5-years,2013-2017,England,73,,,
Pancreas,Persons,45-54,Non-standardised,Stage 1,5-years,2013-2017,England,131,,,
Pancreas,Persons,55-64,Non-standardised,Stage 1,5-years,2013-2017,England,256,,,
Pancreas,Persons,65-74,Non-standardised,Stage 1,5-years,2013-2017,England,564,,,
Pancreas,Persons,75-99,Non-standardised,Stage 1,5-years,2013-2017,England,"1,162",,,
Pancreas,Persons,All ages,Non-standardised,Stage 1,5-years,2013-2017,England,"2,186",,,
Pancreas,Persons,All ages,Age-standardised,Stage 1,5-years,2013-2017,England,"2,186",,,
Pancreas,Persons,15-54,Non-standardised,Stage 2,5-years,2013-2017,England,436,,,
Pancreas,Persons,55-64,Non-standardised,Stage 2,5-years,2013-2017,England,882,,,
Pancreas,Persons,65-74,Non-standardised,Stage 2,5-years,2013-2017,England,"1,567",,,
Pancreas,Persons,75-99,Non-standardised,Stage 2,5-years,2013-2017,England,"1,690",,,
Pancreas,Persons,All ages,Non-standardised,Stage 2,5-years,2013-2017,England,"4,575",,,
Pancreas,Persons,All ages,Age-standardised,Stage 2,5-years,2013-2017,England,"4,575",,,
Pancreas,Persons,15-44,Non-standardised,Stage 3,5-years,2013-2017,England,69,,,
Pancreas,Persons,45-54,Non-standardised,Stage 3,5-years,2013-2017,England,247,,,
Pancreas,Persons,55-64,Non-standardised,Stage 3,5-years,2013-2017,England,605,,,
Pancreas,Persons,65-74,Non-standardised,Stage 3,5-years,2013-2017,England,"1,127",,,
Pancreas,Persons,75-99,Non-standardised,Stage 3,5-years,2013-2017,England,"1,316",,,
Pancreas,Persons,All ages,Non-standardised,Stage 3,5-years,2013-2017,England,"3,364",,,
Pancreas,Persons,All ages,Age-standardised,Stage 3,5-years,2013-2017,England,"3,364",,,
Pancreas,Persons,15-44,Non-standardised,Stage 4,5-years,2013-2017,England,348,,,
Pancreas,Persons,45-54,Non-standardised,Stage 4,5-years,2013-2017,England,"1,385",,,
Pancreas,Persons,55-64,Non-standardised,Stage 4,5-years,2013-2017,England,"3,397",,,
Pancreas,Persons,65-74,Non-standardised,Stage 4,5-years,2013-2017,England,"6,611",,,
Pancreas,Persons,75-99,Non-standardised,Stage 4,5-years,2013-2017,England,"8,870",,,
Pancreas,Persons,All ages,Non-standardised,Stage 4,5-years,2013-2017,England,"20,611",,,
Pancreas,Persons,All ages,Age-standardised,Stage 4,5-years,2013-2017,England,"20,611",,,
Pancreas,Persons,15-44,Non-standardised,Unstageable,5-years,2013-2017,England,4,,,
Pancreas,Persons,45-54,Non-standardised,Unstageable,5-years,2013-2017,England,4,,,
Pancreas,Persons,55-64,Non-standardised,Unstageable,5-years,2013-2017,England,3,,,
Pancreas,Persons,65-74,Non-standardised,Unstageable,5-years,2013-2017,England,9,,,
Pancreas,Persons,75-99,Non-standardised,Unstageable,5-years,2013-2017,England,12,,,
Pancreas,Persons,All ages,Non-standardised,Unstageable,5-years,2013-2017,England,32,,,
Pancreas,Persons,All ages,Age-standardised,Unstageable,5-years,2013-2017,England,32,,,
Pancreas,Persons,15-54,Non-standardised,Unknown/missing,5-years,2013-2017,England,621,,,
Pancreas,Persons,55-64,Non-standardised,Unknown/missing,5-years,2013-2017,England,"1,220",,,
Pancreas,Persons,65-74,Non-standardised,Unknown/missing,5-years,2013-2017,England,"2,485",,,
Pancreas,Persons,75-99,Non-standardised,Unknown/missing,5-years,2013-2017,England,"6,305",,,
Pancreas,Persons,All ages,Non-standardised,Unknown/missing,5-years,2013-2017,England,"10,631",,,
Pancreas,Persons,All ages,Age-standardised,Unknown/missing,5-years,2013-2017,England,"10,631",,,
Pancreas,Persons,15-44,Non-standardised,All stages combined,5-years,2013-2017,England,757,36.7,32.7,40.6
Pancreas,Persons,45-54,Non-standardised,All stages combined,5-years,2013-2017,England,"2,561",14.9,13.2,16.6
Pancreas,Persons,55-64,Non-standardised,All stages combined,5-years,2013-2017,England,"6,363",9.3,8.4,10.2
Pancreas,Persons,65-74,Non-standardised,All stages combined,5-years,2013-2017,England,"12,363",6.5,5.9,7.1
Pancreas,Persons,75-99,Non-standardised,All stages combined,5-years,2013-2017,England,"19,355",3.4,2.9,3.8
Pancreas,Persons,All ages,Non-standardised,All stages combined,5-years,2013-2017,England,"41,399",6.5,6.2,6.9
Pancreas,Persons,All ages,Age-standardised,All stages combined,5-years,2013-2017,England,"41,399",7.3,6.9,7.7
Prostate,Men,15-54,Non-standardised,Stage 1,1-year,2013-2017,England,"3,347",99.6,99.4,99.9
Prostate,Men,55-64,Non-standardised,Stage 1,1-year,2013-2017,England,"14,472",100.1,100.0,100.3
Prostate,Men,65-74,Non-standardised,Stage 1,1-year,2013-2017,England,"27,398",100.4,100.2,100.5
Prostate,Men,75-84,Non-standardised,Stage 1,1-year,2013-2017,England,"14,929",101.3,101.0,101.6
Prostate,Men,85-99,Non-standardised,Stage 1,1-year,2013-2017,England,"2,012",103.1,101.6,104.5
Prostate,Men,All ages,Non-standardised,Stage 1,1-year,2013-2017,England,"62,158",100.6,100.5,100.7
Prostate,Men,All ages,Age-standardised,Stage 1,1-year,2013-2017,England,"62,158",100.5,100.4,100.7
Prostate,Men,15-54,Non-standardised,Stage 2,1-year,2013-2017,England,"2,300",100.0,99.7,100.2
Prostate,Men,55-64,Non-standardised,Stage 2,1-year,2013-2017,England,"9,060",100.2,100.0,100.3
Prostate,Men,65-74,Non-standardised,Stage 2,1-year,2013-2017,England,"17,163",100.5,100.3,100.7
Prostate,Men,75-84,Non-standardised,Stage 2,1-year,2013-2017,England,"8,513",101.1,100.7,101.5
Prostate,Men,85-99,Non-standardised,Stage 2,1-year,2013-2017,England,906,100.3,97.8,102.7
Prostate,Men,All ages,Non-standardised,Stage 2,1-year,2013-2017,England,"37,942",100.5,100.4,100.7
Prostate,Men,All ages,Age-standardised,Stage 2,1-year,2013-2017,England,"37,942",100.5,100.3,100.6
Prostate,Men,15-54,Non-standardised,Stage 3,1-year,2013-2017,England,"1,374",100.0,99.7,100.3
Prostate,Men,55-64,Non-standardised,Stage 3,1-year,2013-2017,England,"7,951",100.3,100.1,100.4
Prostate,Men,65-74,Non-standardised,Stage 3,1-year,2013-2017,England,"18,450",100.4,100.2,100.5
Prostate,Men,75-84,Non-standardised,Stage 3,1-year,2013-2017,England,"10,532",100.5,100.1,100.9
Prostate,Men,85-99,Non-standardised,Stage 3,1-year,2013-2017,England,"1,779",99.4,97.6,101.3
Prostate,Men,All ages,Non-standardised,Stage 3,1-year,2013-2017,England,"40,086",100.3,100.2,100.5
Prostate,Men,All ages,Age-standardised,Stage 3,1-year,2013-2017,England,"40,086",100.2,100.1,100.4
Prostate,Men,15-54,Non-standardised,Stage 4,1-year,2013-2017,England,974,92.8,91.2,94.5
Prostate,Men,55-64,Non-standardised,Stage 4,1-year,2013-2017,England,"5,332",93.2,92.5,94.0
Prostate,Men,65-74,Non-standardised,Stage 4,1-year,2013-2017,England,"13,568",90.7,90.2,91.3
Prostate,Men,75-84,Non-standardised,Stage 4,1-year,2013-2017,England,"13,139",83.2,82.4,83.9
Prostate,Men,85-99,Non-standardised,Stage 4,1-year,2013-2017,England,"6,128",67.9,66.5,69.3
Prostate,Men,All ages,Non-standardised,Stage 4,1-year,2013-2017,England,"39,141",85.0,84.6,85.4
Prostate,Men,All ages,Age-standardised,Stage 4,1-year,2013-2017,England,"39,141",88.3,87.9,88.8
Prostate,Men,15-54,Non-standardised,Unstageable,1-year,2013-2017,England,11,:,:,:
Prostate,Men,55-64,Non-standardised,Unstageable,1-year,2013-2017,England,39,:,:,:
Prostate,Men,65-74,Non-standardised,Unstageable,1-year,2013-2017,England,118,44.0,35.0,53.0
Prostate,Men,75-84,Non-standardised,Unstageable,1-year,2013-2017,England,180,47.6,40.0,55.3
Prostate,Men,85-99,Non-standardised,Unstageable,1-year,2013-2017,England,164,34.6,26.6,42.7
Prostate,Men,All ages,Non-standardised,Unstageable,1-year,2013-2017,England,512,41.9,37.4,46.4
Prostate,Men,All ages,Age-standardised,Unstageable,1-year,2013-2017,England,512,42.0,35.7,49.4
Prostate,Men,15-54,Non-standardised,Unknown/missing,1-year,2013-2017,England,828,98.6,97.7,99.5
Prostate,Men,55-64,Non-standardised,Unknown/missing,1-year,2013-2017,England,"3,241",98.2,97.7,98.8
Prostate,Men,65-74,Non-standardised,Unknown/missing,1-year,2013-2017,England,"6,614",95.9,95.3,96.4
Prostate,Men,75-84,Non-standardised,Unknown/missing,1-year,2013-2017,England,"8,085",90.3,89.5,91.2
Prostate,Men,85-99,Non-standardised,Unknown/missing,1-year,2013-2017,England,"5,568",74.6,73.1,76.1
Prostate,Men,All ages,Non-standardised,Unknown/missing,1-year,2013-2017,England,"24,336",89.5,89.1,90.0
Prostate,Men,All ages,Age-standardised,Unknown/missing,1-year,2013-2017,England,"24,336",94.2,93.8,94.5
Prostate,Men,15-54,Non-standardised,All stages combined,1-year,2013-2017,England,"8,834",98.9,98.6,99.1
Prostate,Men,55-64,Non-standardised,All stages combined,1-year,2013-2017,England,"40,095",99.0,98.9,99.2
Prostate,Men,65-74,Non-standardised,All stages combined,1-year,2013-2017,England,"83,311",98.4,98.3,98.5
Prostate,Men,75-84,Non-standardised,All stages combined,1-year,2013-2017,England,"55,378",95.0,94.8,95.3
Prostate,Men,85-99,Non-standardised,All stages combined,1-year,2013-2017,England,"16,557",79.3,78.5,80.1
Prostate,Men,All ages,Non-standardised,All stages combined,1-year,2013-2017,England,"204,175",96.1,96.0,96.2
Prostate,Men,All ages,Age-standardised,All stages combined,1-year,2013-2017,England,"204,175",96.6,96.5,96.7
Prostate,Men,15-54,Non-standardised,Stage 1,5-years,2013-2017,England,"3,347",99.1,98.2,100.0
Prostate,Men,55-64,Non-standardised,Stage 1,5-years,2013-2017,England,"14,472",100.3,99.8,100.8
Prostate,Men,65-74,Non-standardised,Stage 1,5-years,2013-2017,England,"27,398",101.4,100.9,102.0
Prostate,Men,75-84,Non-standardised,Stage 1,5-years,2013-2017,England,"14,929",101.5,100.1,102.9
Prostate,Men,85-99,Non-standardised,Stage 1,5-years,2013-2017,England,"2,012",91.6,84.2,99.1
Prostate,Men,All ages,Non-standardised,Stage 1,5-years,2013-2017,England,"62,158",100.7,100.2,101.2
Prostate,Men,All ages,Age-standardised,Stage 1,5-years,2013-2017,England,"62,158",100.1,99.5,100.8
Prostate,Men,15-54,Non-standardised,Stage 2,5-years,2013-2017,England,"2,300",100.2,99.4,101.0
Prostate,Men,55-64,Non-standardised,Stage 2,5-years,2013-2017,England,"9,060",99.8,99.1,100.4
Prostate,Men,65-74,Non-standardised,Stage 2,5-years,2013-2017,England,"17,163",101.6,100.9,102.2
Prostate,Men,75-84,Non-standardised,Stage 2,5-years,2013-2017,England,"8,513",102.0,100.3,103.7
Prostate,Men,85-99,Non-standardised,Stage 2,5-years,2013-2017,England,906,89.7,79.8,99.6
Prostate,Men,All ages,Non-standardised,Stage 2,5-years,2013-2017,England,"37,942",100.8,100.2,101.4
Prostate,Men,All ages,Age-standardised,Stage 2,5-years,2013-2017,England,"37,942",100.2,99.4,101.1
Prostate,Men,15-54,Non-standardised,Stage 3,5-years,2013-2017,England,"1,374",96.9,94.9,98.9
Prostate,Men,55-64,Non-standardised,Stage 3,5-years,2013-2017,England,"7,951",98.6,97.8,99.4
Prostate,Men,65-74,Non-standardised,Stage 3,5-years,2013-2017,England,"18,450",98.2,97.5,99.0
Prostate,Men,75-84,Non-standardised,Stage 3,5-years,2013-2017,England,"10,532",95.8,94.0,97.6
Prostate,Men,85-99,Non-standardised,Stage 3,5-years,2013-2017,England,"1,779",71.2,62.8,79.7
Prostate,Men,All ages,Non-standardised,Stage 3,5-years,2013-2017,England,"40,086",96.5,95.7,97.2
Prostate,Men,All ages,Age-standardised,Stage 3,5-years,2013-2017,England,"40,086",95.6,94.7,96.6
Prostate,Men,15-54,Non-standardised,Stage 4,5-years,2013-2017,England,974,54.1,49.4,58.9
Prostate,Men,55-64,Non-standardised,Stage 4,5-years,2013-2017,England,"5,332",55.4,53.3,57.4
Prostate,Men,65-74,Non-standardised,Stage 4,5-years,2013-2017,England,"13,568",54.3,52.9,55.6
Prostate,Men,75-84,Non-standardised,Stage 4,5-years,2013-2017,England,"13,139",42.0,40.3,43.7
Prostate,Men,85-99,Non-standardised,Stage 4,5-years,2013-2017,England,"6,128",24.8,21.6,28.0
Prostate,Men,All ages,Non-standardised,Stage 4,5-years,2013-2017,England,"39,141",45.7,44.8,46.7
Prostate,Men,All ages,Age-standardised,Stage 4,5-years,2013-2017,England,"39,141",49.0,47.9,50.2
Prostate,Men,15-64,Non-standardised,Unstageable,5-years,2013-2017,England,50,:,:,:
Prostate,Men,65-74,Non-standardised,Unstageable,5-years,2013-2017,England,118,:,:,:
Prostate,Men,75-84,Non-standardised,Unstageable,5-years,2013-2017,England,180,19.6,12.0,27.3
Prostate,Men,85-99,Non-standardised,Unstageable,5-years,2013-2017,England,164,:,:,:
Prostate,Men,All ages,Non-standardised,Unstageable,5-years,2013-2017,England,512,14.6,9.8,19.5
Prostate,Men,All ages,Age-standardised,Unstageable,5-years,2013-2017,England,512,:,:,:
Prostate,Men,15-54,Non-standardised,Unknown/missing,5-years,2013-2017,England,828,95.4,93.3,97.5
Prostate,Men,55-64,Non-standardised,Unknown/missing,5-years,2013-2017,England,"3,241",93.5,92.2,94.8
Prostate,Men,65-74,Non-standardised,Unknown/missing,5-years,2013-2017,England,"6,614",89.1,87.8,90.4
Prostate,Men,75-84,Non-standardised,Unknown/missing,5-years,2013-2017,England,"8,085",70.2,68.2,72.1
Prostate,Men,85-99,Non-standardised,Unknown/missing,5-years,2013-2017,England,"5,568",38.1,34.6,41.6
Prostate,Men,All ages,Non-standardised,Unknown/missing,5-years,2013-2017,England,"24,336",72.3,71.1,73.5
Prostate,Men,All ages,Age-standardised,Unknown/missing,5-years,2013-2017,England,"24,336",82.1,81.2,83.0
Prostate,Men,15-54,Non-standardised,All stages combined,5-years,2013-2017,England,"8,834",93.9,93.1,94.7
Prostate,Men,55-64,Non-standardised,All stages combined,5-years,2013-2017,England,"40,095",93.4,93.0,93.8
Prostate,Men,65-74,Non-standardised,All stages combined,5-years,2013-2017,England,"83,311",92.2,91.8,92.6
Prostate,Men,75-84,Non-standardised,All stages combined,5-years,2013-2017,England,"55,378",81.9,81.1,82.7
Prostate,Men,85-99,Non-standardised,All stages combined,5-years,2013-2017,England,"16,557",46.0,43.8,48.2
Prostate,Men,All ages,Non-standardised,All stages combined,5-years,2013-2017,England,"204,175",85.9,85.5,86.2
Prostate,Men,All ages,Age-standardised,All stages combined,5-years,2013-2017,England,"204,175",86.6,86.2,87.0
Rectal,Men,15-44,Non-standardised,Stage 1,1-year,2013-2017,England,155,98.8,97.0,100.6
Rectal,Men,45-54,Non-standardised,Stage 1,1-year,2013-2017,England,453,99.0,97.9,100.0
Rectal,Men,55-64,Non-standardised,Stage 1,1-year,2013-2017,England,"1,620",98.7,98.0,99.4
Rectal,Men,65-74,Non-standardised,Stage 1,1-year,2013-2017,England,"2,813",97.7,97.0,98.5
Rectal,Men,75-99,Non-standardised,Stage 1,1-year,2013-2017,England,"2,435",94.8,93.4,96.1
Rectal,Men,All ages,Non-standardised,Stage 1,1-year,2013-2017,England,"7,476",97.1,96.5,97.6
Rectal,Men,All ages,Age-standardised,Stage 1,1-year,2013-2017,England,"7,476",97.3,96.8,97.8
Rectal,Men,15-44,Non-standardised,Stage 2,1-year,2013-2017,England,143,96.6,93.6,99.6
Rectal,Men,45-54,Non-standardised,Stage 2,1-year,2013-2017,England,405,99.9,99.2,100.5
Rectal,Men,55-64,Non-standardised,Stage 2,1-year,2013-2017,England,"1,257",97.1,96.0,98.1
Rectal,Men,65-74,Non-standardised,Stage 2,1-year,2013-2017,England,"2,045",94.0,92.8,95.1
Rectal,Men,75-99,Non-standardised,Stage 2,1-year,2013-2017,England,"2,504",88.1,86.4,89.7
Rectal,Men,All ages,Non-standardised,Stage 2,1-year,2013-2017,England,"6,354",92.7,91.9,93.5
Rectal,Men,All ages,Age-standardised,Stage 2,1-year,2013-2017,England,"6,354",93.8,93.1,94.5
Rectal,Men,15-44,Non-standardised,Stage 3,1-year,2013-2017,England,414,95.8,93.8,97.7
Rectal,Men,45-54,Non-standardised,Stage 3,1-year,2013-2017,England,"1,111",96.0,94.8,97.2
Rectal,Men,55-64,Non-standardised,Stage 3,1-year,2013-2017,England,"2,811",95.3,94.5,96.1
Rectal,Men,65-74,Non-standardised,Stage 3,1-year,2013-2017,England,"3,688",93.7,92.8,94.6
Rectal,Men,75-99,Non-standardised,Stage 3,1-year,2013-2017,England,"3,349",86.8,85.4,88.2
Rectal,Men,All ages,Non-standardised,Stage 3,1-year,2013-2017,England,"11,373",92.4,91.8,92.9
Rectal,Men,All ages,Age-standardised,Stage 3,1-year,2013-2017,England,"11,373",92.4,91.8,93.0
Rectal,Men,15-44,Non-standardised,Stage 4,1-year,2013-2017,England,272,62.6,56.8,68.3
Rectal,Men,45-54,Non-standardised,Stage 4,1-year,2013-2017,England,708,68.7,65.3,72.2
Rectal,Men,55-64,Non-standardised,Stage 4,1-year,2013-2017,England,"1,533",61.2,58.7,63.7
Rectal,Men,65-74,Non-standardised,Stage 4,1-year,2013-2017,England,"2,185",57.1,55.0,59.3
Rectal,Men,75-99,Non-standardised,Stage 4,1-year,2013-2017,England,"2,448",38.4,36.3,40.4
Rectal,Men,All ages,Non-standardised,Stage 4,1-year,2013-2017,England,"7,146",53.0,51.8,54.1
Rectal,Men,All ages,Age-standardised,Stage 4,1-year,2013-2017,England,"7,146",53.2,52.0,54.4
Rectal,Men,15-44,Non-standardised,Unstageable,1-year,2013-2017,England,2,:,:,:
Rectal,Men,45-54,Non-standardised,Unstageable,1-year,2013-2017,England,2,:,:,:
Rectal,Men,55-64,Non-standardised,Unstageable,1-year,2013-2017,England,8,:,:,:
Rectal,Men,65-74,Non-standardised,Unstageable,1-year,2013-2017,England,11,:,:,:
Rectal,Men,75-99,Non-standardised,Unstageable,1-year,2013-2017,England,16,:,:,:
Rectal,Men,All ages,Non-standardised,Unstageable,1-year,2013-2017,England,39,45.8,29.4,62.1
Rectal,Men,All ages,Age-standardised,Unstageable,1-year,2013-2017,England,39,:,:,:
Rectal,Men,15-44,Non-standardised,Unknown/missing,1-year,2013-2017,England,118,90.8,85.5,96.0
Rectal,Men,45-54,Non-standardised,Unknown/missing,1-year,2013-2017,England,208,84.7,79.7,89.6
Rectal,Men,55-64,Non-standardised,Unknown/missing,1-year,2013-2017,England,521,83.0,79.7,86.3
Rectal,Men,65-74,Non-standardised,Unknown/missing,1-year,2013-2017,England,739,71.3,67.9,74.6
Rectal,Men,75-99,Non-standardised,Unknown/missing,1-year,2013-2017,England,"1,592",50.8,48.1,53.5
Rectal,Men,All ages,Non-standardised,Unknown/missing,1-year,2013-2017,England,"3,178",64.5,62.7,66.3
Rectal,Men,All ages,Age-standardised,Unknown/missing,1-year,2013-2017,England,"3,178",69.5,67.8,71.2
Rectal,Men,15-44,Non-standardised,All stages combined,1-year,2013-2017,England,"1,104",87.6,85.6,89.5
Rectal,Men,45-54,Non-standardised,All stages combined,1-year,2013-2017,England,"2,887",89.5,88.3,90.6
Rectal,Men,55-64,Non-standardised,All stages combined,1-year,2013-2017,England,"7,750",88.7,88.0,89.4
Rectal,Men,65-74,Non-standardised,All stages combined,1-year,2013-2017,England,"11,481",86.3,85.6,87.0
Rectal,Men,75-99,Non-standardised,All stages combined,1-year,2013-2017,England,"12,344",74.3,73.4,75.2
Rectal,Men,All ages,Non-standardised,All stages combined,1-year,2013-2017,England,"35,566",83.0,82.5,83.4
Rectal,Men,All ages,Age-standardised,All stages combined,1-year,2013-2017,England,"35,566",83.6,83.2,84.0
Rectal,Men,15-54,Non-standardised,Stage 1,5-years,2013-2017,England,608,94.7,91.8,97.6
Rectal,Men,55-64,Non-standardised,Stage 1,5-years,2013-2017,England,"1,620",94.8,92.7,96.9
Rectal,Men,65-74,Non-standardised,Stage 1,5-years,2013-2017,England,"2,813",93.3,91.1,95.5
Rectal,Men,75-99,Non-standardised,Stage 1,5-years,2013-2017,England,"2,435",75.6,70.7,80.5
Rectal,Men,All ages,Non-standardised,Stage 1,5-years,2013-2017,England,"7,476",87.9,85.9,89.9
Rectal,Men,All ages,Age-standardised,Stage 1,5-years,2013-2017,England,"7,476",88.3,86.5,90.3
Rectal,Men,15-44,Non-standardised,Stage 2,5-years,2013-2017,England,143,81.4,73.4,89.3
Rectal,Men,45-54,Non-standardised,Stage 2,5-years,2013-2017,England,405,87.1,82.4,91.8
Rectal,Men,55-64,Non-standardised,Stage 2,5-years,2013-2017,England,"1,257",85.5,82.6,88.4
Rectal,Men,65-74,Non-standardised,Stage 2,5-years,2013-2017,England,"2,045",78.8,75.5,82.0
Rectal,Men,75-99,Non-standardised,Stage 2,5-years,2013-2017,England,"2,504",63.4,59.0,67.8
Rectal,Men,All ages,Non-standardised,Stage 2,5-years,2013-2017,England,"6,354",74.7,72.5,76.8
Rectal,Men,All ages,Age-standardised,Stage 2,5-years,2013-2017,England,"6,354",76.4,74.5,78.5
Rectal,Men,15-44,Non-standardised,Stage 3,5-years,2013-2017,England,414,71.1,64.6,77.6
Rectal,Men,45-54,Non-standardised,Stage 3,5-years,2013-2017,England,"1,111",74.6,70.9,78.2
Rectal,Men,55-64,Non-standardised,Stage 3,5-years,2013-2017,England,"2,811",74.0,71.5,76.4
Rectal,Men,65-74,Non-standardised,Stage 3,5-years,2013-2017,England,"3,688",70.6,68.2,73.0
Rectal,Men,75-99,Non-standardised,Stage 3,5-years,2013-2017,England,"3,349",51.5,48.0,55.1
Rectal,Men,All ages,Non-standardised,Stage 3,5-years,2013-2017,England,"11,373",66.3,64.8,67.8
Rectal,Men,All ages,Age-standardised,Stage 3,5-years,2013-2017,England,"11,373",65.6,64.0,67.3
Rectal,Men,15-44,Non-standardised,Stage 4,5-years,2013-2017,England,272,21.2,14.8,27.6
Rectal,Men,45-54,Non-standardised,Stage 4,5-years,2013-2017,England,708,16.4,12.6,20.2
Rectal,Men,55-64,Non-standardised,Stage 4,5-years,2013-2017,England,"1,533",14.9,12.3,17.5
Rectal,Men,65-74,Non-standardised,Stage 4,5-years,2013-2017,England,"2,185",15.1,12.8,17.4
Rectal,Men,75-99,Non-standardised,Stage 4,5-years,2013-2017,England,"2,448",5.8,4.1,7.5
Rectal,Men,All ages,Non-standardised,Stage 4,5-years,2013-2017,England,"7,146",12.3,11.1,13.4
Rectal,Men,All ages,Age-standardised,Stage 4,5-years,2013-2017,England,"7,146",11.8,10.6,13.2
Rectal,Men,15-44,Non-standardised,Unstageable,5-years,2013-2017,England,2,:,:,:
Rectal,Men,45-54,Non-standardised,Unstageable,5-years,2013-2017,England,2,:,:,:
Rectal,Men,55-64,Non-standardised,Unstageable,5-years,2013-2017,England,8,:,:,:
Rectal,Men,65-74,Non-standardised,Unstageable,5-years,2013-2017,England,11,:,:,:
Rectal,Men,75-99,Non-standardised,Unstageable,5-years,2013-2017,England,16,:,:,:
Rectal,Men,All ages,Non-standardised,Unstageable,5-years,2013-2017,England,39,:,:,:
Rectal,Men,All ages,Age-standardised,Unstageable,5-years,2013-2017,England,39,:,:,:
Rectal,Men,15-54,Non-standardised,Unknown/missing,5-years,2013-2017,England,326,73.2,67.6,78.8
Rectal,Men,55-64,Non-standardised,Unknown/missing,5-years,2013-2017,England,521,63.2,58.2,68.1
Rectal,Men,65-74,Non-standardised,Unknown/missing,5-years,2013-2017,England,739,52.3,47.8,56.7
Rectal,Men,75-99,Non-standardised,Unknown/missing,5-years,2013-2017,England,"1,592",22.6,19.0,26.1
Rectal,Men,All ages,Non-standardised,Unknown/missing,5-years,2013-2017,England,"3,178",41.4,39.0,43.8
Rectal,Men,All ages,Age-standardised,Unknown/missing,5-years,2013-2017,England,"3,178",45.6,43.1,48.3
Rectal,Men,15-44,Non-standardised,All stages combined,5-years,2013-2017,England,"1,104",63.9,60.2,67.7
Rectal,Men,45-54,Non-standardised,All stages combined,5-years,2013-2017,England,"2,887",65.3,63.0,67.5
Rectal,Men,55-64,Non-standardised,All stages combined,5-years,2013-2017,England,"7,750",67.6,66.1,69.0
Rectal,Men,65-74,Non-standardised,All stages combined,5-years,2013-2017,England,"11,481",65.8,64.5,67.2
Rectal,Men,75-99,Non-standardised,All stages combined,5-years,2013-2017,England,"12,344",45.9,44.1,47.7
Rectal,Men,All ages,Non-standardised,All stages combined,5-years,2013-2017,England,"35,566",59.2,58.3,60.1
Rectal,Men,All ages,Age-standardised,All stages combined,5-years,2013-2017,England,"35,566",59.5,58.6,60.4
Rectal,Women,15-54,Non-standardised,Stage 1,1-year,2013-2017,England,547,99.5,98.9,100.2
Rectal,Women,55-64,Non-standardised,Stage 1,1-year,2013-2017,England,937,99.6,99.0,100.1
Rectal,Women,65-74,Non-standardised,Stage 1,1-year,2013-2017,England,"1,453",99.5,98.8,100.2
Rectal,Women,75-99,Non-standardised,Stage 1,1-year,2013-2017,England,"1,590",96.4,94.9,97.9
Rectal,Women,All ages,Non-standardised,Stage 1,1-year,2013-2017,England,"4,527",98.4,97.8,99.0
Rectal,Women,All ages,Age-standardised,Stage 1,1-year,2013-2017,England,"4,527",98.6,98.1,99.1
Rectal,Women,15-44,Non-standardised,Stage 2,1-year,2013-2017,England,124,98.5,96.2,100.7
Rectal,Women,45-54,Non-standardised,Stage 2,1-year,2013-2017,England,318,98.0,96.4,99.6
Rectal,Women,55-64,Non-standardised,Stage 2,1-year,2013-2017,England,650,97.7,96.4,99.0
Rectal,Women,65-74,Non-standardised,Stage 2,1-year,2013-2017,England,929,94.4,92.8,96.1
Rectal,Women,75-99,Non-standardised,Stage 2,1-year,2013-2017,England,"1,511",86.5,84.4,88.6
Rectal,Women,All ages,Non-standardised,Stage 2,1-year,2013-2017,England,"3,532",92.1,91.1,93.2
Rectal,Women,All ages,Age-standardised,Stage 2,1-year,2013-2017,England,"3,532",93.5,92.6,94.4
Rectal,Women,15-44,Non-standardised,Stage 3,1-year,2013-2017,England,340,96.2,94.2,98.3
Rectal,Women,45-54,Non-standardised,Stage 3,1-year,2013-2017,England,762,96.0,94.6,97.4
Rectal,Women,55-64,Non-standardised,Stage 3,1-year,2013-2017,England,"1,399",97.3,96.3,98.2
Rectal,Women,65-74,Non-standardised,Stage 3,1-year,2013-2017,England,"1,695",94.0,92.7,95.2
Rectal,Women,75-99,Non-standardised,Stage 3,1-year,2013-2017,England,"2,187",83.0,81.1,84.8
Rectal,Women,All ages,Non-standardised,Stage 3,1-year,2013-2017,England,"6,383",91.3,90.5,92.1
Rectal,Women,All ages,Age-standardised,Stage 3,1-year,2013-2017,England,"6,383",91.8,91.0,92.5
Rectal,Women,15-44,Non-standardised,Stage 4,1-year,2013-2017,England,214,62.7,56.2,69.1
Rectal,Women,45-54,Non-standardised,Stage 4,1-year,2013-2017,England,400,69.3,64.8,73.9
Rectal,Women,55-64,Non-standardised,Stage 4,1-year,2013-2017,England,736,62.4,58.8,65.9
Rectal,Women,65-74,Non-standardised,Stage 4,1-year,2013-2017,England,996,50.5,47.4,53.6
Rectal,Women,75-99,Non-standardised,Stage 4,1-year,2013-2017,England,"1,655",29.3,27.1,31.6
Rectal,Women,All ages,Non-standardised,Stage 4,1-year,2013-2017,England,"4,001",46.5,44.9,48.0
Rectal,Women,All ages,Age-standardised,Stage 4,1-year,2013-2017,England,"4,001",47.8,46.2,49.4
Rectal,Women,15-44,Non-standardised,Unstageable,1-year,2013-2017,England,1,:,:,:
Rectal,Women,45-54,Non-standardised,Unstageable,1-year,2013-2017,England,8,:,:,:
Rectal,Women,55-64,Non-standardised,Unstageable,1-year,2013-2017,England,4,:,:,:
Rectal,Women,65-74,Non-standardised,Unstageable,1-year,2013-2017,England,12,:,:,:
Rectal,Women,75-99,Non-standardised,Unstageable,1-year,2013-2017,England,17,:,:,:
Rectal,Women,All ages,Non-standardised,Unstageable,1-year,2013-2017,England,42,65.5,50.3,80.7
Rectal,Women,All ages,Age-standardised,Unstageable,1-year,2013-2017,England,42,:,:,:
Rectal,Women,15-44,Non-standardised,Unknown/missing,1-year,2013-2017,England,86,90.8,84.7,96.9
Rectal,Women,45-54,Non-standardised,Unknown/missing,1-year,2013-2017,England,164,88.0,83.0,93.0
Rectal,Women,55-64,Non-standardised,Unknown/missing,1-year,2013-2017,England,288,85.8,81.7,89.9
Rectal,Women,65-74,Non-standardised,Unknown/missing,1-year,2013-2017,England,403,70.6,66.1,75.2
Rectal,Women,75-99,Non-standardised,Unknown/missing,1-year,2013-2017,England,"1,520",44.7,42.0,47.4
Rectal,Women,All ages,Non-standardised,Unknown/missing,1-year,2013-2017,England,"2,461",58.2,56.2,60.3
Rectal,Women,All ages,Age-standardised,Unknown/missing,1-year,2013-2017,England,"2,461",67.6,65.7,69.6
Rectal,Women,15-44,Non-standardised,All stages combined,1-year,2013-2017,England,905,88.7,86.6,90.7
Rectal,Women,45-54,Non-standardised,All stages combined,1-year,2013-2017,England,"2,059",91.1,89.8,92.3
Rectal,Women,55-64,Non-standardised,All stages combined,1-year,2013-2017,England,"4,014",90.7,89.8,91.6
Rectal,Women,65-74,Non-standardised,All stages combined,1-year,2013-2017,England,"5,488",85.9,84.9,86.8
Rectal,Women,75-99,Non-standardised,All stages combined,1-year,2013-2017,England,"8,480",68.7,67.6,69.8
Rectal,Women,All ages,Non-standardised,All stages combined,1-year,2013-2017,England,"20,946",80.5,79.9,81.1
Rectal,Women,All ages,Age-standardised,All stages combined,1-year,2013-2017,England,"20,946",82.3,81.7,82.8
Rectal,Women,15-54,Non-standardised,Stage 1,5-years,2013-2017,England,547,97.4,95.2,99.6
Rectal,Women,55-64,Non-standardised,Stage 1,5-years,2013-2017,England,937,94.9,92.2,97.7
Rectal,Women,65-74,Non-standardised,Stage 1,5-years,2013-2017,England,"1,453",97.0,94.5,99.5
Rectal,Women,75-99,Non-standardised,Stage 1,5-years,2013-2017,England,"1,590",82.4,77.2,87.7
Rectal,Women,All ages,Non-standardised,Stage 1,5-years,2013-2017,England,"4,527",91.4,89.2,93.6
Rectal,Women,All ages,Age-standardised,Stage 1,5-years,2013-2017,England,"4,527",92.2,90.2,94.2
Rectal,Women,15-54,Non-standardised,Stage 2,5-years,2013-2017,England,442,87.2,82.4,92.0
Rectal,Women,55-64,Non-standardised,Stage 2,5-years,2013-2017,England,650,87.7,84.0,91.5
Rectal,Women,65-74,Non-standardised,Stage 2,5-years,2013-2017,England,929,79.0,75.1,83.0
Rectal,Women,75-99,Non-standardised,Stage 2,5-years,2013-2017,England,"1,511",60.2,55.0,65.4
Rectal,Women,All ages,Non-standardised,Stage 2,5-years,2013-2017,England,"3,532",73.5,70.8,76.3
Rectal,Women,All ages,Age-standardised,Stage 2,5-years,2013-2017,England,"3,532",76.2,73.8,78.7
Rectal,Women,15-54,Non-standardised,Stage 3,5-years,2013-2017,England,"1,102",77.9,74.6,81.3
Rectal,Women,55-64,Non-standardised,Stage 3,5-years,2013-2017,England,"1,399",79.1,75.9,82.3
Rectal,Women,65-74,Non-standardised,Stage 3,5-years,2013-2017,England,"1,695",73.5,70.2,76.8
Rectal,Women,75-99,Non-standardised,Stage 3,5-years,2013-2017,England,"2,187",47.2,43.0,51.5
Rectal,Women,All ages,Non-standardised,Stage 3,5-years,2013-2017,England,"6,383",66.4,64.4,68.4
Rectal,Women,All ages,Age-standardised,Stage 3,5-years,2013-2017,England,"6,383",66.5,64.4,68.6
Rectal,Women,15-54,Non-standardised,Stage 4,5-years,2013-2017,England,614,19.1,14.6,23.7
Rectal,Women,55-64,Non-standardised,Stage 4,5-years,2013-2017,England,736,17.0,13.3,20.8
Rectal,Women,65-74,Non-standardised,Stage 4,5-years,2013-2017,England,996,12.5,9.5,15.4
Rectal,Women,75-99,Non-standardised,Stage 4,5-years,2013-2017,England,"1,655",4.6,3.0,6.2
Rectal,Women,All ages,Non-standardised,Stage 4,5-years,2013-2017,England,"4,001",11.0,9.6,12.4
Rectal,Women,All ages,Age-standardised,Stage 4,5-years,2013-2017,England,"4,001",10.9,9.5,12.5
Rectal,Women,15-44,Non-standardised,Unstageable,5-years,2013-2017,England,1,:,:,:
Rectal,Women,45-54,Non-standardised,Unstageable,5-years,2013-2017,England,8,:,:,:
Rectal,Women,55-64,Non-standardised,Unstageable,5-years,2013-2017,England,4,:,:,:
Rectal,Women,65-74,Non-standardised,Unstageable,5-years,2013-2017,England,12,:,:,:
Rectal,Women,75-99,Non-standardised,Unstageable,5-years,2013-2017,England,17,:,:,:
Rectal,Women,All ages,Non-standardised,Unstageable,5-years,2013-2017,England,42,:,:,:
Rectal,Women,All ages,Age-standardised,Unstageable,5-years,2013-2017,England,42,:,:,:
Rectal,Women,15-44,Non-standardised,Unknown/missing,5-years,2013-2017,England,86,:,:,:
Rectal,Women,45-54,Non-standardised,Unknown/missing,5-years,2013-2017,England,164,:,:,:
Rectal,Women,55-64,Non-standardised,Unknown/missing,5-years,2013-2017,England,288,68.8,62.3,75.2
Rectal,Women,65-74,Non-standardised,Unknown/missing,5-years,2013-2017,England,403,54.5,48.7,60.4
Rectal,Women,75-99,Non-standardised,Unknown/missing,5-years,2013-2017,England,"1,520",17.8,14.7,20.9
Rectal,Women,All ages,Non-standardised,Unknown/missing,5-years,2013-2017,England,"2,461",35.4,32.8,38.1
Rectal,Women,All ages,Age-standardised,Unknown/missing,5-years,2013-2017,England,"2,461",:,:,:
Rectal,Women,15-44,Non-standardised,All stages combined,5-years,2013-2017,England,905,68.3,64.5,72.1
Rectal,Women,45-54,Non-standardised,All stages combined,5-years,2013-2017,England,"2,059",72.0,69.4,74.5
Rectal,Women,55-64,Non-standardised,All stages combined,5-years,2013-2017,England,"4,014",71.9,70.0,73.8
Rectal,Women,65-74,Non-standardised,All stages combined,5-years,2013-2017,England,"5,488",68.1,66.4,69.9
Rectal,Women,75-99,Non-standardised,All stages combined,5-years,2013-2017,England,"8,480",42.3,40.4,44.3
Rectal,Women,All ages,Non-standardised,All stages combined,5-years,2013-2017,England,"20,946",58.7,57.6,59.8
Rectal,Women,All ages,Age-standardised,All stages combined,5-years,2013-2017,England,"20,946",60.5,59.4,61.5
Rectal,Persons,15-44,Non-standardised,Stage 1,1-year,2013-2017,England,295,99.4,98.4,100.3
Rectal,Persons,45-54,Non-standardised,Stage 1,1-year,2013-2017,England,860,99.2,98.5,99.9
Rectal,Persons,55-64,Non-standardised,Stage 1,1-year,2013-2017,England,"2,557",99.0,98.6,99.5
Rectal,Persons,65-74,Non-standardised,Stage 1,1-year,2013-2017,England,"4,266",98.3,97.8,98.9
Rectal,Persons,75-99,Non-standardised,Stage 1,1-year,2013-2017,England,"4,025",95.4,94.4,96.4
Rectal,Persons,All ages,Non-standardised,Stage 1,1-year,2013-2017,England,"12,003",97.6,97.2,98.0
Rectal,Persons,All ages,Age-standardised,Stage 1,1-year,2013-2017,England,"12,003",97.8,97.4,98.2
Rectal,Persons,15-44,Non-standardised,Stage 2,1-year,2013-2017,England,267,97.5,95.6,99.4
Rectal,Persons,45-54,Non-standardised,Stage 2,1-year,2013-2017,England,723,99.0,98.2,99.9
Rectal,Persons,55-64,Non-standardised,Stage 2,1-year,2013-2017,England,"1,907",97.3,96.5,98.1
Rectal,Persons,65-74,Non-standardised,Stage 2,1-year,2013-2017,England,"2,974",94.1,93.1,95.1
Rectal,Persons,75-99,Non-standardised,Stage 2,1-year,2013-2017,England,"4,015",87.5,86.2,88.8
Rectal,Persons,All ages,Non-standardised,Stage 2,1-year,2013-2017,England,"9,886",92.5,91.9,93.1
Rectal,Persons,All ages,Age-standardised,Stage 2,1-year,2013-2017,England,"9,886",93.6,93.1,94.2
Rectal,Persons,15-44,Non-standardised,Stage 3,1-year,2013-2017,England,754,96.0,94.6,97.4
Rectal,Persons,45-54,Non-standardised,Stage 3,1-year,2013-2017,England,"1,873",96.0,95.1,96.9
Rectal,Persons,55-64,Non-standardised,Stage 3,1-year,2013-2017,England,"4,210",96.0,95.3,96.6
Rectal,Persons,65-74,Non-standardised,Stage 3,1-year,2013-2017,England,"5,383",93.8,93.1,94.5
Rectal,Persons,75-99,Non-standardised,Stage 3,1-year,2013-2017,England,"5,536",85.3,84.2,86.4
Rectal,Persons,All ages,Non-standardised,Stage 3,1-year,2013-2017,England,"17,756",92.0,91.5,92.4
Rectal,Persons,All ages,Age-standardised,Stage 3,1-year,2013-2017,England,"17,756",92.1,91.7,92.6
Rectal,Persons,15-44,Non-standardised,Stage 4,1-year,2013-2017,England,486,62.6,58.3,66.9
Rectal,Persons,45-54,Non-standardised,Stage 4,1-year,2013-2017,England,"1,108",68.9,66.2,71.7
Rectal,Persons,55-64,Non-standardised,Stage 4,1-year,2013-2017,England,"2,269",61.6,59.6,63.6
Rectal,Persons,65-74,Non-standardised,Stage 4,1-year,2013-2017,England,"3,181",55.1,53.3,56.8
Rectal,Persons,75-99,Non-standardised,Stage 4,1-year,2013-2017,England,"4,103",34.7,33.2,36.3
Rectal,Persons,All ages,Non-standardised,Stage 4,1-year,2013-2017,England,"11,147",50.6,49.7,51.6
Rectal,Persons,All ages,Age-standardised,Stage 4,1-year,2013-2017,England,"11,147",51.2,50.3,52.2
Rectal,Persons,15-44,Non-standardised,Unstageable,1-year,2013-2017,England,3,:,:,:
Rectal,Persons,45-54,Non-standardised,Unstageable,1-year,2013-2017,England,10,:,:,:
Rectal,Persons,55-64,Non-standardised,Unstageable,1-year,2013-2017,England,12,:,:,:
Rectal,Persons,65-74,Non-standardised,Unstageable,1-year,2013-2017,England,23,61.5,42.0,81.1
Rectal,Persons,75-99,Non-standardised,Unstageable,1-year,2013-2017,England,33,:,:,:
Rectal,Persons,All ages,Non-standardised,Unstageable,1-year,2013-2017,England,81,56.2,44.7,67.7
Rectal,Persons,All ages,Age-standardised,Unstageable,1-year,2013-2017,England,81,:,:,:
Rectal,Persons,15-44,Non-standardised,Unknown/missing,1-year,2013-2017,England,204,90.8,86.8,94.7
Rectal,Persons,45-54,Non-standardised,Unknown/missing,1-year,2013-2017,England,372,86.1,82.6,89.7
Rectal,Persons,55-64,Non-standardised,Unknown/missing,1-year,2013-2017,England,809,84.0,81.4,86.6
Rectal,Persons,65-74,Non-standardised,Unknown/missing,1-year,2013-2017,England,"1,142",71.1,68.4,73.8
Rectal,Persons,75-99,Non-standardised,Unknown/missing,1-year,2013-2017,England,"3,112",47.8,45.9,49.7
Rectal,Persons,All ages,Non-standardised,Unknown/missing,1-year,2013-2017,England,"5,639",61.8,60.4,63.1
Rectal,Persons,All ages,Age-standardised,Unknown/missing,1-year,2013-2017,England,"5,639",68.5,67.3,69.8
Rectal,Persons,15-44,Non-standardised,All stages combined,1-year,2013-2017,England,"2,009",88.1,86.6,89.5
Rectal,Persons,45-54,Non-standardised,All stages combined,1-year,2013-2017,England,"4,946",90.1,89.3,91.0
Rectal,Persons,55-64,Non-standardised,All stages combined,1-year,2013-2017,England,"11,764",89.4,88.8,89.9
Rectal,Persons,65-74,Non-standardised,All stages combined,1-year,2013-2017,England,"16,969",86.2,85.6,86.7
Rectal,Persons,75-99,Non-standardised,All stages combined,1-year,2013-2017,England,"20,824",72.0,71.4,72.7
Rectal,Persons,All ages,Non-standardised,All stages combined,1-year,2013-2017,England,"56,512",82.0,81.7,82.4
Rectal,Persons,All ages,Age-standardised,All stages combined,1-year,2013-2017,England,"56,512",83.1,82.7,83.4
Rectal,Persons,15-54,Non-standardised,Stage 1,5-years,2013-2017,England,"1,155",96.0,94.1,97.8
Rectal,Persons,55-64,Non-standardised,Stage 1,5-years,2013-2017,England,"2,557",94.8,93.2,96.5
Rectal,Persons,65-74,Non-standardised,Stage 1,5-years,2013-2017,England,"4,266",94.6,92.9,96.2
Rectal,Persons,75-99,Non-standardised,Stage 1,5-years,2013-2017,England,"4,025",78.4,74.7,82.0
Rectal,Persons,All ages,Non-standardised,Stage 1,5-years,2013-2017,England,"12,003",89.2,87.8,90.7
Rectal,Persons,All ages,Age-standardised,Stage 1,5-years,2013-2017,England,"12,003",89.9,88.5,91.3
Rectal,Persons,15-44,Non-standardised,Stage 2,5-years,2013-2017,England,267,85.6,80.1,91.2
Rectal,Persons,45-54,Non-standardised,Stage 2,5-years,2013-2017,England,723,86.6,82.9,90.3
Rectal,Persons,55-64,Non-standardised,Stage 2,5-years,2013-2017,England,"1,907",86.2,84.0,88.5
Rectal,Persons,65-74,Non-standardised,Stage 2,5-years,2013-2017,England,"2,974",78.9,76.3,81.4
Rectal,Persons,75-99,Non-standardised,Stage 2,5-years,2013-2017,England,"4,015",62.1,58.8,65.5
Rectal,Persons,All ages,Non-standardised,Stage 2,5-years,2013-2017,England,"9,886",74.3,72.6,75.9
Rectal,Persons,All ages,Age-standardised,Stage 2,5-years,2013-2017,England,"9,886",76.4,74.9,78.0
Rectal,Persons,15-44,Non-standardised,Stage 3,5-years,2013-2017,England,754,73.6,69.0,78.1
Rectal,Persons,45-54,Non-standardised,Stage 3,5-years,2013-2017,England,"1,873",76.0,73.3,78.8
Rectal,Persons,55-64,Non-standardised,Stage 3,5-years,2013-2017,England,"4,210",75.6,73.6,77.6
Rectal,Persons,65-74,Non-standardised,Stage 3,5-years,2013-2017,England,"5,383",71.5,69.5,73.5
Rectal,Persons,75-99,Non-standardised,Stage 3,5-years,2013-2017,England,"5,536",49.8,47.1,52.5
Rectal,Persons,All ages,Non-standardised,Stage 3,5-years,2013-2017,England,"17,756",66.3,65.1,67.5
Rectal,Persons,All ages,Age-standardised,Stage 3,5-years,2013-2017,England,"17,756",65.8,64.5,67.2
Rectal,Persons,15-44,Non-standardised,Stage 4,5-years,2013-2017,England,486,19.4,14.7,24.1
Rectal,Persons,45-54,Non-standardised,Stage 4,5-years,2013-2017,England,"1,108",17.8,14.6,21.0
Rectal,Persons,55-64,Non-standardised,Stage 4,5-years,2013-2017,England,"2,269",15.6,13.5,17.8
Rectal,Persons,65-74,Non-standardised,Stage 4,5-years,2013-2017,England,"3,181",14.2,12.4,16.1
Rectal,Persons,75-99,Non-standardised,Stage 4,5-years,2013-2017,England,"4,103",5.3,4.1,6.5
Rectal,Persons,All ages,Non-standardised,Stage 4,5-years,2013-2017,England,"11,147",11.8,10.9,12.7
Rectal,Persons,All ages,Age-standardised,Stage 4,5-years,2013-2017,England,"11,147",11.4,10.5,12.5
Rectal,Persons,15-44,Non-standardised,Unstageable,5-years,2013-2017,England,3,:,:,:
Rectal,Persons,45-54,Non-standardised,Unstageable,5-years,2013-2017,England,10,:,:,:
Rectal,Persons,55-64,Non-standardised,Unstageable,5-years,2013-2017,England,12,:,:,:
Rectal,Persons,65-74,Non-standardised,Unstageable,5-years,2013-2017,England,23,:,:,:
Rectal,Persons,75-99,Non-standardised,Unstageable,5-years,2013-2017,England,33,:,:,:
Rectal,Persons,All ages,Non-standardised,Unstageable,5-years,2013-2017,England,81,:,:,:
Rectal,Persons,All ages,Age-standardised,Unstageable,5-years,2013-2017,England,81,:,:,:
Rectal,Persons,15-54,Non-standardised,Unknown/missing,5-years,2013-2017,England,576,74.6,70.5,78.6
Rectal,Persons,55-64,Non-standardised,Unknown/missing,5-years,2013-2017,England,809,65.0,61.1,69.0
Rectal,Persons,65-74,Non-standardised,Unknown/missing,5-years,2013-2017,England,"1,142",53.1,49.5,56.6
Rectal,Persons,75-99,Non-standardised,Unknown/missing,5-years,2013-2017,England,"3,112",20.2,17.9,22.6
Rectal,Persons,All ages,Non-standardised,Unknown/missing,5-years,2013-2017,England,"5,639",38.8,37.0,40.6
Rectal,Persons,All ages,Age-standardised,Unknown/missing,5-years,2013-2017,England,"5,639",44.8,43.0,46.8
Rectal,Persons,15-44,Non-standardised,All stages combined,5-years,2013-2017,England,"2,009",65.8,63.1,68.5
Rectal,Persons,45-54,Non-standardised,All stages combined,5-years,2013-2017,England,"4,946",68.0,66.3,69.7
Rectal,Persons,55-64,Non-standardised,All stages combined,5-years,2013-2017,England,"11,764",69.0,67.9,70.2
Rectal,Persons,65-74,Non-standardised,All stages combined,5-years,2013-2017,England,"16,969",66.6,65.5,67.7
Rectal,Persons,75-99,Non-standardised,All stages combined,5-years,2013-2017,England,"20,824",44.4,43.1,45.8
Rectal,Persons,All ages,Non-standardised,All stages combined,5-years,2013-2017,England,"56,512",59.0,58.3,59.7
Rectal,Persons,All ages,Age-standardised,All stages combined,5-years,2013-2017,England,"56,512",59.8,59.1,60.5
Stomach,Men,15-44,Non-standardised,Stage 1,1-year,2013-2017,England,50,96.1,90.7,101.5
Stomach,Men,45-54,Non-standardised,Stage 1,1-year,2013-2017,England,83,95.5,90.9,100.1
Stomach,Men,55-64,Non-standardised,Stage 1,1-year,2013-2017,England,190,90.8,86.5,95.1
Stomach,Men,65-74,Non-standardised,Stage 1,1-year,2013-2017,England,460,88.9,85.8,92.0
Stomach,Men,75-99,Non-standardised,Stage 1,1-year,2013-2017,England,822,80.9,77.7,84.1
Stomach,Men,All ages,Non-standardised,Stage 1,1-year,2013-2017,England,"1,605",85.6,83.7,87.6
Stomach,Men,All ages,Age-standardised,Stage 1,1-year,2013-2017,England,"1,605",88.2,86.4,89.9
Stomach,Men,15-44,Non-standardised,Stage 2,1-year,2013-2017,England,48,83.5,73.0,93.9
Stomach,Men,45-54,Non-standardised,Stage 2,1-year,2013-2017,England,148,83.4,77.4,89.4
Stomach,Men,55-64,Non-standardised,Stage 2,1-year,2013-2017,England,337,77.1,72.6,81.7
Stomach,Men,65-74,Non-standardised,Stage 2,1-year,2013-2017,England,663,77.0,73.6,80.3
Stomach,Men,75-99,Non-standardised,Stage 2,1-year,2013-2017,England,"1,220",57.0,54.0,60.0
Stomach,Men,All ages,Non-standardised,Stage 2,1-year,2013-2017,England,"2,416",67.4,65.4,69.4
Stomach,Men,All ages,Age-standardised,Stage 2,1-year,2013-2017,England,"2,416",71.7,69.8,73.6
Stomach,Men,15-44,Non-standardised,Stage 3,1-year,2013-2017,England,76,75.1,65.4,84.8
Stomach,Men,45-54,Non-standardised,Stage 3,1-year,2013-2017,England,254,80.2,75.3,85.1
Stomach,Men,55-64,Non-standardised,Stage 3,1-year,2013-2017,England,566,73.9,70.3,77.6
Stomach,Men,65-74,Non-standardised,Stage 3,1-year,2013-2017,England,982,66.1,63.1,69.2
Stomach,Men,75-99,Non-standardised,Stage 3,1-year,2013-2017,England,"1,297",51.7,48.8,54.6
Stomach,Men,All ages,Non-standardised,Stage 3,1-year,2013-2017,England,"3,175",63.0,61.2,64.7
Stomach,Men,All ages,Age-standardised,Stage 3,1-year,2013-2017,England,"3,175",65.2,63.5,67.0
Stomach,Men,15-44,Non-standardised,Stage 4,1-year,2013-2017,England,195,34.3,27.6,41.0
Stomach,Men,45-54,Non-standardised,Stage 4,1-year,2013-2017,England,490,27.6,23.6,31.5
Stomach,Men,55-64,Non-standardised,Stage 4,1-year,2013-2017,England,"1,012",26.1,23.4,28.8
Stomach,Men,65-74,Non-standardised,Stage 4,1-year,2013-2017,England,"1,994",23.1,21.2,24.9
Stomach,Men,75-99,Non-standardised,Stage 4,1-year,2013-2017,England,"2,839",13.9,12.6,15.3
Stomach,Men,All ages,Non-standardised,Stage 4,1-year,2013-2017,England,"6,530",20.2,19.2,21.2
Stomach,Men,All ages,Age-standardised,Stage 4,1-year,2013-2017,England,"6,530",21.5,20.5,22.6
Stomach,Men,15-44,Non-standardised,Unstageable,1-year,2013-2017,England,5,:,:,:
Stomach,Men,45-54,Non-standardised,Unstageable,1-year,2013-2017,England,3,:,:,:
Stomach,Men,55-64,Non-standardised,Unstageable,1-year,2013-2017,England,1,:,:,:
Stomach,Men,65-74,Non-standardised,Unstageable,1-year,2013-2017,England,9,:,:,:
Stomach,Men,75-99,Non-standardised,Unstageable,1-year,2013-2017,England,14,68.5,42.6,94.5
Stomach,Men,All ages,Non-standardised,Unstageable,1-year,2013-2017,England,32,70.0,53.2,86.7
Stomach,Men,All ages,Age-standardised,Unstageable,1-year,2013-2017,England,32,:,:,:
Stomach,Men,15-44,Non-standardised,Unknown/missing,1-year,2013-2017,England,50,69.0,56.1,81.9
Stomach,Men,45-54,Non-standardised,Unknown/missing,1-year,2013-2017,England,172,57.0,49.6,64.4
Stomach,Men,55-64,Non-standardised,Unknown/missing,1-year,2013-2017,England,351,58.1,52.9,63.3
Stomach,Men,65-74,Non-standardised,Unknown/missing,1-year,2013-2017,England,824,46.6,43.1,50.0
Stomach,Men,75-99,Non-standardised,Unknown/missing,1-year,2013-2017,England,"2,380",31.9,29.9,33.9
Stomach,Men,All ages,Non-standardised,Unknown/missing,1-year,2013-2017,England,"3,777",39.1,37.5,40.7
Stomach,Men,All ages,Age-standardised,Unknown/missing,1-year,2013-2017,England,"3,777",46.2,44.4,48.1
Stomach,Men,15-44,Non-standardised,All stages combined,1-year,2013-2017,England,424,59.2,54.5,63.9
Stomach,Men,45-54,Non-standardised,All stages combined,1-year,2013-2017,England,"1,150",55.9,53.0,58.8
Stomach,Men,55-64,Non-standardised,All stages combined,1-year,2013-2017,England,"2,457",53.7,51.7,55.7
Stomach,Men,65-74,Non-standardised,All stages combined,1-year,2013-2017,England,"4,932",49.0,47.6,50.5
Stomach,Men,75-99,Non-standardised,All stages combined,1-year,2013-2017,England,"8,572",37.3,36.2,38.4
Stomach,Men,All ages,Non-standardised,All stages combined,1-year,2013-2017,England,"17,535",44.6,43.9,45.4
Stomach,Men,All ages,Age-standardised,All stages combined,1-year,2013-2017,England,"17,535",47.6,46.8,48.4
Stomach,Men,15-54,Non-standardised,Stage 1,5-years,2013-2017,England,133,71.5,61.5,81.5
Stomach,Men,55-64,Non-standardised,Stage 1,5-years,2013-2017,England,190,68.7,59.7,77.8
Stomach,Men,65-74,Non-standardised,Stage 1,5-years,2013-2017,England,460,71.1,63.5,78.6
Stomach,Men,75-99,Non-standardised,Stage 1,5-years,2013-2017,England,822,51.7,44.2,59.1
Stomach,Men,All ages,Non-standardised,Stage 1,5-years,2013-2017,England,"1,605",61.0,56.5,65.4
Stomach,Men,All ages,Age-standardised,Stage 1,5-years,2013-2017,England,"1,605",64.4,60.3,68.7
Stomach,Men,15-44,Non-standardised,Stage 2,5-years,2013-2017,England,48,:,:,:
Stomach,Men,45-54,Non-standardised,Stage 2,5-years,2013-2017,England,148,:,:,:
Stomach,Men,55-64,Non-standardised,Stage 2,5-years,2013-2017,England,337,36.9,29.7,44.1
Stomach,Men,65-74,Non-standardised,Stage 2,5-years,2013-2017,England,663,37.2,31.3,43.2
Stomach,Men,75-99,Non-standardised,Stage 2,5-years,2013-2017,England,"1,220",22.6,18.5,26.6
Stomach,Men,All ages,Non-standardised,Stage 2,5-years,2013-2017,England,"2,416",30.9,27.9,33.9
Stomach,Men,All ages,Age-standardised,Stage 2,5-years,2013-2017,England,"2,416",:,:,:
Stomach,Men,15-54,Non-standardised,Stage 3,5-years,2013-2017,England,330,32.7,26.5,39.0
Stomach,Men,55-64,Non-standardised,Stage 3,5-years,2013-2017,England,566,28.9,24.1,33.8
Stomach,Men,65-74,Non-standardised,Stage 3,5-years,2013-2017,England,982,23.4,19.7,27.0
Stomach,Men,75-99,Non-standardised,Stage 3,5-years,2013-2017,England,"1,297",16.3,12.8,19.8
Stomach,Men,All ages,Non-standardised,Stage 3,5-years,2013-2017,England,"3,175",22.5,20.4,24.6
Stomach,Men,All ages,Age-standardised,Stage 3,5-years,2013-2017,England,"3,175",23.6,21.5,25.9
Stomach,Men,15-44,Non-standardised,Stage 4,5-years,2013-2017,England,195,:,:,:
Stomach,Men,45-54,Non-standardised,Stage 4,5-years,2013-2017,England,490,:,:,:
Stomach,Men,55-64,Non-standardised,Stage 4,5-years,2013-2017,England,"1,012",4.5,2.8,6.2
Stomach,Men,65-74,Non-standardised,Stage 4,5-years,2013-2017,England,"1,994",:,:,:
Stomach,Men,75-99,Non-standardised,Stage 4,5-years,2013-2017,England,"2,839",:,:,:
Stomach,Men,All ages,Non-standardised,Stage 4,5-years,2013-2017,England,"6,530",3.4,2.8,4.0
Stomach,Men,All ages,Age-standardised,Stage 4,5-years,2013-2017,England,"6,530",:,:,:
Stomach,Men,15-44,Non-standardised,Unstageable,5-years,2013-2017,England,5,:,:,:
Stomach,Men,45-54,Non-standardised,Unstageable,5-years,2013-2017,England,3,:,:,:
Stomach,Men,55-64,Non-standardised,Unstageable,5-years,2013-2017,England,1,:,:,:
Stomach,Men,65-74,Non-standardised,Unstageable,5-years,2013-2017,England,9,:,:,:
Stomach,Men,75-99,Non-standardised,Unstageable,5-years,2013-2017,England,14,:,:,:
Stomach,Men,All ages,Non-standardised,Unstageable,5-years,2013-2017,England,32,:,:,:
Stomach,Men,All ages,Age-standardised,Unstageable,5-years,2013-2017,England,32,:,:,:
Stomach,Men,15-54,Non-standardised,Unknown/missing,5-years,2013-2017,England,222,39.1,31.6,46.6
Stomach,Men,55-64,Non-standardised,Unknown/missing,5-years,2013-2017,England,351,34.1,28.4,39.8
Stomach,Men,65-74,Non-standardised,Unknown/missing,5-years,2013-2017,England,824,25.3,21.8,28.9
Stomach,Men,75-99,Non-standardised,Unknown/missing,5-years,2013-2017,England,"2,380",10.1,8.2,12.0
Stomach,Men,All ages,Non-standardised,Unknown/missing,5-years,2013-2017,England,"3,777",17.3,15.7,19.0
Stomach,Men,All ages,Age-standardised,Unknown/missing,5-years,2013-2017,England,"3,777",22.6,20.7,24.6
Stomach,Men,15-54,Non-standardised,All stages combined,5-years,2013-2017,England,"1,574",29.3,26.6,31.9
Stomach,Men,55-64,Non-standardised,All stages combined,5-years,2013-2017,England,"2,457",24.0,21.9,26.1
Stomach,Men,65-74,Non-standardised,All stages combined,5-years,2013-2017,England,"4,932",22.3,20.7,23.8
Stomach,Men,75-99,Non-standardised,All stages combined,5-years,2013-2017,England,"8,572",14.0,12.7,15.2
Stomach,Men,All ages,Non-standardised,All stages combined,5-years,2013-2017,England,"17,535",19.1,18.2,19.9
Stomach,Men,All ages,Age-standardised,All stages combined,5-years,2013-2017,England,"17,535",20.8,20.0,21.7
Stomach,Women,15-44,Non-standardised,Stage 1,1-year,2013-2017,England,39,:,:,:
Stomach,Women,45-54,Non-standardised,Stage 1,1-year,2013-2017,England,65,:,:,:
Stomach,Women,55-64,Non-standardised,Stage 1,1-year,2013-2017,England,131,93.6,89.3,98.0
Stomach,Women,65-74,Non-standardised,Stage 1,1-year,2013-2017,England,205,87.6,82.8,92.3
Stomach,Women,75-99,Non-standardised,Stage 1,1-year,2013-2017,England,448,79.6,75.4,83.9
Stomach,Women,All ages,Non-standardised,Stage 1,1-year,2013-2017,England,888,85.9,83.4,88.5
Stomach,Women,All ages,Age-standardised,Stage 1,1-year,2013-2017,England,888,:,:,:
Stomach,Women,15-44,Non-standardised,Stage 2,1-year,2013-2017,England,31,90.4,80.2,100.6
Stomach,Women,45-54,Non-standardised,Stage 2,1-year,2013-2017,England,80,80.2,71.5,88.9
Stomach,Women,55-64,Non-standardised,Stage 2,1-year,2013-2017,England,144,80.3,73.7,86.8
Stomach,Women,65-74,Non-standardised,Stage 2,1-year,2013-2017,England,267,78.2,73.1,83.3
Stomach,Women,75-99,Non-standardised,Stage 2,1-year,2013-2017,England,681,52.6,48.6,56.6
Stomach,Women,All ages,Non-standardised,Stage 2,1-year,2013-2017,England,"1,203",64.4,61.6,67.3
Stomach,Women,All ages,Age-standardised,Stage 2,1-year,2013-2017,England,"1,203",71.1,68.4,73.8
Stomach,Women,15-44,Non-standardised,Stage 3,1-year,2013-2017,England,45,62.3,48.3,76.3
Stomach,Women,45-54,Non-standardised,Stage 3,1-year,2013-2017,England,82,78.2,69.3,87.1
Stomach,Women,55-64,Non-standardised,Stage 3,1-year,2013-2017,England,171,70.4,63.5,77.3
Stomach,Women,65-74,Non-standardised,Stage 3,1-year,2013-2017,England,350,63.4,58.3,68.6
Stomach,Women,75-99,Non-standardised,Stage 3,1-year,2013-2017,England,650,41.1,37.1,45.0
Stomach,Women,All ages,Non-standardised,Stage 3,1-year,2013-2017,England,"1,298",54.0,51.2,56.8
Stomach,Women,All ages,Age-standardised,Stage 3,1-year,2013-2017,England,"1,298",58.7,55.9,61.5
Stomach,Women,15-44,Non-standardised,Stage 4,1-year,2013-2017,England,193,30.1,23.6,36.5
Stomach,Women,45-54,Non-standardised,Stage 4,1-year,2013-2017,England,254,30.8,25.1,36.4
Stomach,Women,55-64,Non-standardised,Stage 4,1-year,2013-2017,England,470,25.8,21.8,29.7
Stomach,Women,65-74,Non-standardised,Stage 4,1-year,2013-2017,England,737,26.7,23.5,29.9
Stomach,Women,75-99,Non-standardised,Stage 4,1-year,2013-2017,England,"1,549",11.7,10.1,13.4
Stomach,Women,All ages,Non-standardised,Stage 4,1-year,2013-2017,England,"3,203",19.8,18.4,21.2
Stomach,Women,All ages,Age-standardised,Stage 4,1-year,2013-2017,England,"3,203",21.4,20.0,22.9
Stomach,Women,15-44,Non-standardised,Unstageable,1-year,2013-2017,England,4,:,:,:
Stomach,Women,45-54,Non-standardised,Unstageable,1-year,2013-2017,England,4,:,:,:
Stomach,Women,55-64,Non-standardised,Unstageable,1-year,2013-2017,England,6,:,:,:
Stomach,Women,65-74,Non-standardised,Unstageable,1-year,2013-2017,England,5,:,:,:
Stomach,Women,75-99,Non-standardised,Unstageable,1-year,2013-2017,England,5,:,:,:
Stomach,Women,All ages,Non-standardised,Unstageable,1-year,2013-2017,England,24,74.5,56.7,92.2
Stomach,Women,All ages,Age-standardised,Unstageable,1-year,2013-2017,England,24,:,:,:
Stomach,Women,15-44,Non-standardised,Unknown/missing,1-year,2013-2017,England,76,69.8,59.6,80.0
Stomach,Women,45-54,Non-standardised,Unknown/missing,1-year,2013-2017,England,118,78.0,70.5,85.5
Stomach,Women,55-64,Non-standardised,Unknown/missing,1-year,2013-2017,England,234,57.0,50.6,63.3
Stomach,Women,65-74,Non-standardised,Unknown/missing,1-year,2013-2017,England,435,54.8,50.0,59.5
Stomach,Women,75-99,Non-standardised,Unknown/missing,1-year,2013-2017,England,"1,749",31.9,29.6,34.2
Stomach,Women,All ages,Non-standardised,Unknown/missing,1-year,2013-2017,England,"2,612",41.1,39.1,43.1
Stomach,Women,All ages,Age-standardised,Unknown/missing,1-year,2013-2017,England,"2,612",50.1,47.9,52.4
Stomach,Women,15-44,Non-standardised,All stages combined,1-year,2013-2017,England,388,53.9,49.0,58.9
Stomach,Women,45-54,Non-standardised,All stages combined,1-year,2013-2017,England,603,60.9,57.0,64.8
Stomach,Women,55-64,Non-standardised,All stages combined,1-year,2013-2017,England,"1,156",53.5,50.6,56.4
Stomach,Women,65-74,Non-standardised,All stages combined,1-year,2013-2017,England,"1,999",52.5,50.3,54.8
Stomach,Women,75-99,Non-standardised,All stages combined,1-year,2013-2017,England,"5,082",33.9,32.5,35.3
Stomach,Women,All ages,Non-standardised,All stages combined,1-year,2013-2017,England,"9,228",43.0,41.9,44.0
Stomach,Women,All ages,Age-standardised,All stages combined,1-year,2013-2017,England,"9,228",47.4,46.3,48.5
Stomach,Women,15-44,Non-standardised,Stage 1,5-years,2013-2017,England,39,:,:,:
Stomach,Women,45-54,Non-standardised,Stage 1,5-years,2013-2017,England,65,:,:,:
Stomach,Women,55-64,Non-standardised,Stage 1,5-years,2013-2017,England,131,:,:,:
Stomach,Women,65-74,Non-standardised,Stage 1,5-years,2013-2017,England,205,:,:,:
Stomach,Women,75-99,Non-standardised,Stage 1,5-years,2013-2017,England,448,50.7,40.3,61.0
Stomach,Women,All ages,Non-standardised,Stage 1,5-years,2013-2017,England,888,62.0,55.2,68.8
Stomach,Women,All ages,Age-standardised,Stage 1,5-years,2013-2017,England,888,:,:,:
Stomach,Women,15-54,Non-standardised,Stage 2,5-years,2013-2017,England,111,48.6,36.6,60.6
Stomach,Women,55-64,Non-standardised,Stage 2,5-years,2013-2017,England,144,46.1,33.1,59.1
Stomach,Women,65-74,Non-standardised,Stage 2,5-years,2013-2017,England,267,47.3,39.5,55.1
Stomach,Women,75-99,Non-standardised,Stage 2,5-years,2013-2017,England,681,25.7,20.6,30.9
Stomach,Women,All ages,Non-standardised,Stage 2,5-years,2013-2017,England,"1,203",35.4,31.4,39.3
Stomach,Women,All ages,Age-standardised,Stage 2,5-years,2013-2017,England,"1,203",39.6,35.5,44.2
Stomach,Women,15-44,Non-standardised,Stage 3,5-years,2013-2017,England,45,:,:,:
Stomach,Women,45-54,Non-standardised,Stage 3,5-years,2013-2017,England,82,:,:,:
Stomach,Women,55-64,Non-standardised,Stage 3,5-years,2013-2017,England,171,:,:,:
Stomach,Women,65-74,Non-standardised,Stage 3,5-years,2013-2017,England,350,30.0,23.7,36.3
Stomach,Women,75-99,Non-standardised,Stage 3,5-years,2013-2017,England,650,:,:,:
Stomach,Women,All ages,Non-standardised,Stage 3,5-years,2013-2017,England,"1,298",21.2,18.2,24.2
Stomach,Women,All ages,Age-standardised,Stage 3,5-years,2013-2017,England,"1,298",:,:,:
Stomach,Women,15-44,Non-standardised,Stage 4,5-years,2013-2017,England,193,:,:,:
Stomach,Women,45-54,Non-standardised,Stage 4,5-years,2013-2017,England,254,:,:,:
Stomach,Women,55-64,Non-standardised,Stage 4,5-years,2013-2017,England,470,:,:,:
Stomach,Women,65-74,Non-standardised,Stage 4,5-years,2013-2017,England,737,:,:,:
Stomach,Women,75-99,Non-standardised,Stage 4,5-years,2013-2017,England,"1,549",:,:,:
Stomach,Women,All ages,Non-standardised,Stage 4,5-years,2013-2017,England,"3,203",2.7,2.0,3.5
Stomach,Women,All ages,Age-standardised,Stage 4,5-years,2013-2017,England,"3,203",:,:,:
Stomach,Women,15-44,Non-standardised,Unstageable,5-years,2013-2017,England,4,:,:,:
Stomach,Women,45-54,Non-standardised,Unstageable,5-years,2013-2017,England,4,:,:,:
Stomach,Women,55-64,Non-standardised,Unstageable,5-years,2013-2017,England,6,:,:,:
Stomach,Women,65-74,Non-standardised,Unstageable,5-years,2013-2017,England,5,:,:,:
Stomach,Women,75-99,Non-standardised,Unstageable,5-years,2013-2017,England,5,:,:,:
Stomach,Women,All ages,Non-standardised,Unstageable,5-years,2013-2017,England,24,:,:,:
Stomach,Women,All ages,Age-standardised,Unstageable,5-years,2013-2017,England,24,:,:,:
Stomach,Women,15-44,Non-standardised,Unknown/missing,5-years,2013-2017,England,76,:,:,:
Stomach,Women,45-54,Non-standardised,Unknown/missing,5-years,2013-2017,England,118,:,:,:
Stomach,Women,55-64,Non-standardised,Unknown/missing,5-years,2013-2017,England,234,:,:,:
Stomach,Women,65-74,Non-standardised,Unknown/missing,5-years,2013-2017,England,435,31.7,26.2,37.2
Stomach,Women,75-99,Non-standardised,Unknown/missing,5-years,2013-2017,England,"1,749",12.3,9.9,14.6
Stomach,Women,All ages,Non-standardised,Unknown/missing,5-years,2013-2017,England,"2,612",21.1,18.9,23.2
Stomach,Women,All ages,Age-standardised,Unknown/missing,5-years,2013-2017,England,"2,612",:,:,:
Stomach,Women,15-54,Non-standardised,All stages combined,5-years,2013-2017,England,991,33.4,30.1,36.8
Stomach,Women,55-64,Non-standardised,All stages combined,5-years,2013-2017,England,"1,156",27.3,23.8,30.8
Stomach,Women,65-74,Non-standardised,All stages combined,5-years,2013-2017,England,"1,999",26.9,24.4,29.4
Stomach,Women,75-99,Non-standardised,All stages combined,5-years,2013-2017,England,"5,082",13.8,12.3,15.4
Stomach,Women,All ages,Non-standardised,All stages combined,5-years,2013-2017,England,"9,228",20.4,19.2,21.6
Stomach,Women,All ages,Age-standardised,All stages combined,5-years,2013-2017,England,"9,228",23.2,22.0,24.5
Stomach,Persons,15-44,Non-standardised,Stage 1,1-year,2013-2017,England,89,97.9,94.8,100.9
Stomach,Persons,45-54,Non-standardised,Stage 1,1-year,2013-2017,England,148,97.6,95.0,100.2
Stomach,Persons,55-64,Non-standardised,Stage 1,1-year,2013-2017,England,321,92.0,88.9,95.1
Stomach,Persons,65-74,Non-standardised,Stage 1,1-year,2013-2017,England,665,88.5,85.9,91.1
Stomach,Persons,75-99,Non-standardised,Stage 1,1-year,2013-2017,England,"1,270",80.5,77.9,83.0
Stomach,Persons,All ages,Non-standardised,Stage 1,1-year,2013-2017,England,"2,493",85.7,84.2,87.3
Stomach,Persons,All ages,Age-standardised,Stage 1,1-year,2013-2017,England,"2,493",88.5,87.2,89.9
Stomach,Persons,15-44,Non-standardised,Stage 2,1-year,2013-2017,England,79,86.2,78.6,93.8
Stomach,Persons,45-54,Non-standardised,Stage 2,1-year,2013-2017,England,228,82.3,77.3,87.3
Stomach,Persons,55-64,Non-standardised,Stage 2,1-year,2013-2017,England,481,78.1,74.3,81.8
Stomach,Persons,65-74,Non-standardised,Stage 2,1-year,2013-2017,England,930,77.3,74.5,80.1
Stomach,Persons,75-99,Non-standardised,Stage 2,1-year,2013-2017,England,"1,901",55.4,53.0,57.9
Stomach,Persons,All ages,Non-standardised,Stage 2,1-year,2013-2017,England,"3,619",66.4,64.8,68.1
Stomach,Persons,All ages,Age-standardised,Stage 2,1-year,2013-2017,England,"3,619",71.4,69.9,73.0
Stomach,Persons,15-44,Non-standardised,Stage 3,1-year,2013-2017,England,121,70.3,62.2,78.5
Stomach,Persons,45-54,Non-standardised,Stage 3,1-year,2013-2017,England,336,79.7,75.4,84.0
Stomach,Persons,55-64,Non-standardised,Stage 3,1-year,2013-2017,England,737,73.1,69.9,76.4
Stomach,Persons,65-74,Non-standardised,Stage 3,1-year,2013-2017,England,"1,332",65.4,62.8,68.1
Stomach,Persons,75-99,Non-standardised,Stage 3,1-year,2013-2017,England,"1,947",48.2,45.8,50.5
Stomach,Persons,All ages,Non-standardised,Stage 3,1-year,2013-2017,England,"4,473",60.4,58.9,61.9
Stomach,Persons,All ages,Age-standardised,Stage 3,1-year,2013-2017,England,"4,473",63.2,61.7,64.7
Stomach,Persons,15-44,Non-standardised,Stage 4,1-year,2013-2017,England,388,32.2,27.5,36.8
Stomach,Persons,45-54,Non-standardised,Stage 4,1-year,2013-2017,England,744,28.7,25.4,31.9
Stomach,Persons,55-64,Non-standardised,Stage 4,1-year,2013-2017,England,"1,482",26.0,23.8,28.2
Stomach,Persons,65-74,Non-standardised,Stage 4,1-year,2013-2017,England,"2,731",24.0,22.4,25.7
Stomach,Persons,75-99,Non-standardised,Stage 4,1-year,2013-2017,England,"4,388",13.2,12.1,14.2
Stomach,Persons,All ages,Non-standardised,Stage 4,1-year,2013-2017,England,"9,733",20.1,19.3,20.9
Stomach,Persons,All ages,Age-standardised,Stage 4,1-year,2013-2017,England,"9,733",21.4,20.6,22.3
Stomach,Persons,15-44,Non-standardised,Unstageable,1-year,2013-2017,England,9,:,:,:
Stomach,Persons,45-54,Non-standardised,Unstageable,1-year,2013-2017,England,7,:,:,:
Stomach,Persons,55-64,Non-standardised,Unstageable,1-year,2013-2017,England,7,:,:,:
Stomach,Persons,65-74,Non-standardised,Unstageable,1-year,2013-2017,England,14,78.0,56.2,99.8
Stomach,Persons,75-99,Non-standardised,Unstageable,1-year,2013-2017,England,19,:,:,:
Stomach,Persons,All ages,Non-standardised,Unstageable,1-year,2013-2017,England,56,72.0,59.6,84.4
Stomach,Persons,All ages,Age-standardised,Unstageable,1-year,2013-2017,England,56,:,:,:
Stomach,Persons,15-44,Non-standardised,Unknown/missing,1-year,2013-2017,England,126,69.5,61.4,77.6
Stomach,Persons,45-54,Non-standardised,Unknown/missing,1-year,2013-2017,England,290,65.5,60.0,71.0
Stomach,Persons,55-64,Non-standardised,Unknown/missing,1-year,2013-2017,England,585,57.6,53.6,61.7
Stomach,Persons,65-74,Non-standardised,Unknown/missing,1-year,2013-2017,England,"1,259",49.4,46.6,52.2
Stomach,Persons,75-99,Non-standardised,Unknown/missing,1-year,2013-2017,England,"4,129",31.9,30.4,33.4
Stomach,Persons,All ages,Non-standardised,Unknown/missing,1-year,2013-2017,England,"6,389",39.9,38.7,41.2
Stomach,Persons,All ages,Age-standardised,Unknown/missing,1-year,2013-2017,England,"6,389",47.8,46.4,49.2
Stomach,Persons,15-44,Non-standardised,All stages combined,1-year,2013-2017,England,812,56.6,53.2,60.1
Stomach,Persons,45-54,Non-standardised,All stages combined,1-year,2013-2017,England,"1,753",57.6,55.3,59.9
Stomach,Persons,55-64,Non-standardised,All stages combined,1-year,2013-2017,England,"3,613",53.6,52.0,55.3
Stomach,Persons,65-74,Non-standardised,All stages combined,1-year,2013-2017,England,"6,931",50.0,48.9,51.2
Stomach,Persons,75-99,Non-standardised,All stages combined,1-year,2013-2017,England,"13,654",36.0,35.2,36.9
Stomach,Persons,All ages,Non-standardised,All stages combined,1-year,2013-2017,England,"26,763",44.1,43.4,44.7
Stomach,Persons,All ages,Age-standardised,All stages combined,1-year,2013-2017,England,"26,763",47.4,46.8,48.1
Stomach,Persons,15-54,Non-standardised,Stage 1,5-years,2013-2017,England,237,81.0,74.1,87.8
Stomach,Persons,55-64,Non-standardised,Stage 1,5-years,2013-2017,England,321,66.7,58.9,74.5
Stomach,Persons,65-74,Non-standardised,Stage 1,5-years,2013-2017,England,665,71.2,65.4,77.1
Stomach,Persons,75-99,Non-standardised,Stage 1,5-years,2013-2017,England,"1,270",51.1,44.9,57.3
Stomach,Persons,All ages,Non-standardised,Stage 1,5-years,2013-2017,England,"2,493",61.3,57.5,65.1
Stomach,Persons,All ages,Age-standardised,Stage 1,5-years,2013-2017,England,"2,493",65.3,61.9,68.8
Stomach,Persons,15-54,Non-standardised,Stage 2,5-years,2013-2017,England,307,50.8,43.7,57.8
Stomach,Persons,55-64,Non-standardised,Stage 2,5-years,2013-2017,England,481,39.8,33.4,46.2
Stomach,Persons,65-74,Non-standardised,Stage 2,5-years,2013-2017,England,930,40.4,35.7,45.1
Stomach,Persons,75-99,Non-standardised,Stage 2,5-years,2013-2017,England,"1,901",23.7,20.5,26.9
Stomach,Persons,All ages,Non-standardised,Stage 2,5-years,2013-2017,England,"3,619",32.4,30.0,34.8
Stomach,Persons,All ages,Age-standardised,Stage 2,5-years,2013-2017,England,"3,619",36.0,33.6,38.6
Stomach,Persons,15-54,Non-standardised,Stage 3,5-years,2013-2017,England,457,33.7,28.4,39.1
Stomach,Persons,55-64,Non-standardised,Stage 3,5-years,2013-2017,England,737,28.9,24.6,33.2
Stomach,Persons,65-74,Non-standardised,Stage 3,5-years,2013-2017,England,"1,332",25.0,21.8,28.2
Stomach,Persons,75-99,Non-standardised,Stage 3,5-years,2013-2017,England,"1,947",14.8,12.2,17.4
Stomach,Persons,All ages,Non-standardised,Stage 3,5-years,2013-2017,England,"4,473",22.1,20.3,23.8
Stomach,Persons,All ages,Age-standardised,Stage 3,5-years,2013-2017,England,"4,473",23.5,21.7,25.4
Stomach,Persons,15-44,Non-standardised,Stage 4,5-years,2013-2017,England,388,:,:,:
Stomach,Persons,45-54,Non-standardised,Stage 4,5-years,2013-2017,England,744,:,:,:
Stomach,Persons,55-64,Non-standardised,Stage 4,5-years,2013-2017,England,"1,482",4.6,3.2,6.0
Stomach,Persons,65-74,Non-standardised,Stage 4,5-years,2013-2017,England,"2,731",3.7,2.8,4.6
Stomach,Persons,75-99,Non-standardised,Stage 4,5-years,2013-2017,England,"4,388",:,:,:
Stomach,Persons,All ages,Non-standardised,Stage 4,5-years,2013-2017,England,"9,733",3.2,2.7,3.6
Stomach,Persons,All ages,Age-standardised,Stage 4,5-years,2013-2017,England,"9,733",:,:,:
Stomach,Persons,15-44,Non-standardised,Unstageable,5-years,2013-2017,England,9,:,:,:
Stomach,Persons,45-54,Non-standardised,Unstageable,5-years,2013-2017,England,7,:,:,:
Stomach,Persons,55-64,Non-standardised,Unstageable,5-years,2013-2017,England,7,:,:,:
Stomach,Persons,65-74,Non-standardised,Unstageable,5-years,2013-2017,England,14,:,:,:
Stomach,Persons,75-99,Non-standardised,Unstageable,5-years,2013-2017,England,19,:,:,:
Stomach,Persons,All ages,Non-standardised,Unstageable,5-years,2013-2017,England,56,47.9,29.5,66.3
Stomach,Persons,All ages,Age-standardised,Unstageable,5-years,2013-2017,England,56,:,:,:
Stomach,Persons,15-54,Non-standardised,Unknown/missing,5-years,2013-2017,England,416,46.0,40.6,51.5
Stomach,Persons,55-64,Non-standardised,Unknown/missing,5-years,2013-2017,England,585,36.7,32.2,41.2
Stomach,Persons,65-74,Non-standardised,Unknown/missing,5-years,2013-2017,England,"1,259",27.6,24.6,30.6
Stomach,Persons,75-99,Non-standardised,Unknown/missing,5-years,2013-2017,England,"4,129",11.0,9.6,12.5
Stomach,Persons,All ages,Non-standardised,Unknown/missing,5-years,2013-2017,England,"6,389",18.9,17.6,20.2
Stomach,Persons,All ages,Age-standardised,Unknown/missing,5-years,2013-2017,England,"6,389",24.9,23.4,26.5
Stomach,Persons,15-44,Non-standardised,All stages combined,5-years,2013-2017,England,812,33.7,30.1,37.4
Stomach,Persons,45-54,Non-standardised,All stages combined,5-years,2013-2017,England,"1,753",29.6,27.0,32.1
Stomach,Persons,55-64,Non-standardised,All stages combined,5-years,2013-2017,England,"3,613",25.1,23.3,26.9
Stomach,Persons,65-74,Non-standardised,All stages combined,5-years,2013-2017,England,"6,931",23.6,22.3,24.9
Stomach,Persons,75-99,Non-standardised,All stages combined,5-years,2013-2017,England,"13,654",13.9,13.0,14.9
Stomach,Persons,All ages,Non-standardised,All stages combined,5-years,2013-2017,England,"26,763",19.5,18.8,20.2
Stomach,Persons,All ages,Age-standardised,All stages combined,5-years,2013-2017,England,"26,763",21.6,20.9,22.4
Testis,Men,15-44,Non-standardised,Stage 1,1-year,2013-2017,England,"4,653",99.9,99.8,100.0
Testis,Men,45-54,Non-standardised,Stage 1,1-year,2013-2017,England,977,99.9,99.7,100.2
Testis,Men,55-64,Non-standardised,Stage 1,1-year,2013-2017,England,371,99.5,98.5,100.6
Testis,Men,65-74,Non-standardised,Stage 1,1-year,2013-2017,England,130,99.3,96.7,101.9
Testis,Men,75-99,Non-standardised,Stage 1,1-year,2013-2017,England,48,95.3,87.1,103.5
Testis,Men,All ages,Non-standardised,Stage 1,1-year,2013-2017,England,"6,179",99.9,99.8,100.1
Testis,Men,All ages,Age-standardised,Stage 1,1-year,2013-2017,England,"6,179",99.4,98.5,100.3
Testis,Men,15-44,Non-standardised,Stage 2,1-year,2013-2017,England,496,99.5,98.8,100.2
Testis,Men,45-54,Non-standardised,Stage 2,1-year,2013-2017,England,98,97.2,93.8,100.6
Testis,Men,55-64,Non-standardised,Stage 2,1-year,2013-2017,England,51,:,:,:
Testis,Men,65-74,Non-standardised,Stage 2,1-year,2013-2017,England,11,:,:,:
Testis,Men,75-99,Non-standardised,Stage 2,1-year,2013-2017,England,3,:,:,:
Testis,Men,All ages,Non-standardised,Stage 2,1-year,2013-2017,England,659,99.3,98.6,100.0
Testis,Men,All ages,Age-standardised,Stage 2,1-year,2013-2017,England,659,:,:,:
Testis,Men,15-44,Non-standardised,Stage 3,1-year,2013-2017,England,310,91.0,87.8,94.2
Testis,Men,45-54,Non-standardised,Stage 3,1-year,2013-2017,England,81,87.9,80.8,95.0
Testis,Men,55-64,Non-standardised,Stage 3,1-year,2013-2017,England,35,91.8,82.6,101.0
Testis,Men,65-99,Non-standardised,Stage 3,1-year,2013-2017,England,19,68.9,48.5,89.3
Testis,Men,All ages,Non-standardised,Stage 3,1-year,2013-2017,England,445,89.6,86.7,92.5
Testis,Men,All ages,Age-standardised,Stage 3,1-year,2013-2017,England,445,85.9,80.5,91.5
Testis,Men,15-44,Non-standardised,Stage 4,1-year,2013-2017,England,189,86.8,82.0,91.7
Testis,Men,45-54,Non-standardised,Stage 4,1-year,2013-2017,England,45,73.6,60.8,86.4
Testis,Men,55-64,Non-standardised,Stage 4,1-year,2013-2017,England,15,73.6,52.0,95.1
Testis,Men,65-74,Non-standardised,Stage 4,1-year,2013-2017,England,7,:,:,:
Testis,Men,75-99,Non-standardised,Stage 4,1-year,2013-2017,England,6,:,:,:
Testis,Men,All ages,Non-standardised,Stage 4,1-year,2013-2017,England,262,82.2,77.6,86.9
Testis,Men,All ages,Age-standardised,Stage 4,1-year,2013-2017,England,262,:,:,:
Testis,Men,15-44,Non-standardised,Unstageable,1-year,2013-2017,England,52,96.2,91.0,101.4
Testis,Men,45-54,Non-standardised,Unstageable,1-year,2013-2017,England,21,85.9,71.3,100.5
Testis,Men,55-64,Non-standardised,Unstageable,1-year,2013-2017,England,27,92.7,83.0,102.4
Testis,Men,65-74,Non-standardised,Unstageable,1-year,2013-2017,England,24,92.7,81.7,103.6
Testis,Men,75-99,Non-standardised,Unstageable,1-year,2013-2017,England,34,86.9,75.0,98.8
Testis,Men,All ages,Non-standardised,Unstageable,1-year,2013-2017,England,158,92.2,87.8,96.7
Testis,Men,All ages,Age-standardised,Unstageable,1-year,2013-2017,England,158,93.5,89.6,97.5
Testis,Men,15-44,Non-standardised,Unknown/missing,1-year,2013-2017,England,"1,268",98.9,98.3,99.5
Testis,Men,45-54,Non-standardised,Unknown/missing,1-year,2013-2017,England,279,97.6,95.8,99.5
Testis,Men,55-64,Non-standardised,Unknown/missing,1-year,2013-2017,England,125,93.4,88.8,97.9
Testis,Men,65-74,Non-standardised,Unknown/missing,1-year,2013-2017,England,57,83.5,73.6,93.4
Testis,Men,75-99,Non-standardised,Unknown/missing,1-year,2013-2017,England,34,69.9,52.5,87.2
Testis,Men,All ages,Non-standardised,Unknown/missing,1-year,2013-2017,England,"1,763",97.3,96.5,98.1
Testis,Men,All ages,Age-standardised,Unknown/missing,1-year,2013-2017,England,"1,763",93.3,90.7,95.9
Testis,Men,15-44,Non-standardised,All stages combined,1-year,2013-2017,England,"6,968",98.9,98.7,99.2
Testis,Men,45-54,Non-standardised,All stages combined,1-year,2013-2017,England,"1,501",97.8,97.0,98.6
Testis,Men,55-64,Non-standardised,All stages combined,1-year,2013-2017,England,624,97.1,95.6,98.5
Testis,Men,65-74,Non-standardised,All stages combined,1-year,2013-2017,England,246,92.5,88.9,96.1
Testis,Men,75-99,Non-standardised,All stages combined,1-year,2013-2017,England,127,85.0,77.4,92.5
Testis,Men,All ages,Non-standardised,All stages combined,1-year,2013-2017,England,"9,466",98.3,98.0,98.6
Testis,Men,All ages,Age-standardised,All stages combined,1-year,2013-2017,England,"9,466",96.5,95.5,97.5
Testis,Men,15-44,Non-standardised,Stage 1,5-years,2013-2017,England,"4,653",99.4,99.0,99.9
Testis,Men,45-54,Non-standardised,Stage 1,5-years,2013-2017,England,977,99.9,98.4,101.5
Testis,Men,55-64,Non-standardised,Stage 1,5-years,2013-2017,England,371,99.1,95.7,102.5
Testis,Men,65-74,Non-standardised,Stage 1,5-years,2013-2017,England,130,:,:,:
Testis,Men,75-99,Non-standardised,Stage 1,5-years,2013-2017,England,48,:,:,:
Testis,Men,All ages,Non-standardised,Stage 1,5-years,2013-2017,England,"6,179",99.6,99.0,100.2
Testis,Men,All ages,Age-standardised,Stage 1,5-years,2013-2017,England,"6,179",:,:,:
Testis,Men,15-44,Non-standardised,Stage 2,5-years,2013-2017,England,496,:,:,:
Testis,Men,45-54,Non-standardised,Stage 2,5-years,2013-2017,England,98,:,:,:
Testis,Men,55-64,Non-standardised,Stage 2,5-years,2013-2017,England,51,:,:,:
Testis,Men,65-74,Non-standardised,Stage 2,5-years,2013-2017,England,11,:,:,:
Testis,Men,75-99,Non-standardised,Stage 2,5-years,2013-2017,England,3,:,:,:
Testis,Men,All ages,Non-standardised,Stage 2,5-years,2013-2017,England,659,:,:,:
Testis,Men,All ages,Age-standardised,Stage 2,5-years,2013-2017,England,659,:,:,:
Testis,Men,15-44,Non-standardised,Stage 3,5-years,2013-2017,England,310,:,:,:
Testis,Men,45-54,Non-standardised,Stage 3,5-years,2013-2017,England,81,:,:,:
Testis,Men,55-64,Non-standardised,Stage 3,5-years,2013-2017,England,35,:,:,:
Testis,Men,65-74,Non-standardised,Stage 3,5-years,2013-2017,England,17,:,:,:
Testis,Men,75-99,Non-standardised,Stage 3,5-years,2013-2017,England,2,:,:,:
Testis,Men,All ages,Non-standardised,Stage 3,5-years,2013-2017,England,445,:,:,:
Testis,Men,All ages,Age-standardised,Stage 3,5-years,2013-2017,England,445,:,:,:
Testis,Men,15-44,Non-standardised,Stage 4,5-years,2013-2017,England,189,:,:,:
Testis,Men,45-54,Non-standardised,Stage 4,5-years,2013-2017,England,45,:,:,:
Testis,Men,55-64,Non-standardised,Stage 4,5-years,2013-2017,England,15,:,:,:
Testis,Men,65-74,Non-standardised,Stage 4,5-years,2013-2017,England,7,:,:,:
Testis,Men,75-99,Non-standardised,Stage 4,5-years,2013-2017,England,6,:,:,:
Testis,Men,All ages,Non-standardised,Stage 4,5-years,2013-2017,England,262,:,:,:
Testis,Men,All ages,Age-standardised,Stage 4,5-years,2013-2017,England,262,:,:,:
Testis,Men,15-44,Non-standardised,Unstageable,5-years,2013-2017,England,52,:,:,:
Testis,Men,45-54,Non-standardised,Unstageable,5-years,2013-2017,England,21,:,:,:
Testis,Men,55-64,Non-standardised,Unstageable,5-years,2013-2017,England,27,:,:,:
Testis,Men,65-74,Non-standardised,Unstageable,5-years,2013-2017,England,24,:,:,:
Testis,Men,75-99,Non-standardised,Unstageable,5-years,2013-2017,England,34,:,:,:
Testis,Men,All ages,Non-standardised,Unstageable,5-years,2013-2017,England,158,87.4,79.5,95.4
Testis,Men,All ages,Age-standardised,Unstageable,5-years,2013-2017,England,158,:,:,:
Testis,Men,15-44,Non-standardised,Unknown/missing,5-years,2013-2017,England,"1,268",:,:,:
Testis,Men,45-54,Non-standardised,Unknown/missing,5-years,2013-2017,England,279,:,:,:
Testis,Men,55-64,Non-standardised,Unknown/missing,5-years,2013-2017,England,125,:,:,:
Testis,Men,65-74,Non-standardised,Unknown/missing,5-years,2013-2017,England,57,:,:,:
Testis,Men,75-99,Non-standardised,Unknown/missing,5-years,2013-2017,England,34,:,:,:
Testis,Men,All ages,Non-standardised,Unknown/missing,5-years,2013-2017,England,"1,763",95.7,94.5,96.9
Testis,Men,All ages,Age-standardised,Unknown/missing,5-years,2013-2017,England,"1,763",:,:,:
Testis,Men,15-44,Non-standardised,All stages combined,5-years,2013-2017,England,"6,968",97.7,97.2,98.1
Testis,Men,45-54,Non-standardised,All stages combined,5-years,2013-2017,England,"1,501",96.7,95.4,98.0
Testis,Men,55-64,Non-standardised,All stages combined,5-years,2013-2017,England,624,95.5,92.6,98.3
Testis,Men,65-74,Non-standardised,All stages combined,5-years,2013-2017,England,246,89.1,81.6,96.6
Testis,Men,75-99,Non-standardised,All stages combined,5-years,2013-2017,England,127,86.8,70.7,102.9
Testis,Men,All ages,Non-standardised,All stages combined,5-years,2013-2017,England,"9,466",97.0,96.5,97.5
Testis,Men,All ages,Age-standardised,All stages combined,5-years,2013-2017,England,"9,466",95.3,93.4,97.3
Thyroid,Men,15-54,Non-standardised,Stage 1,1-year,2013-2017,England,774,100.0,99.7,100.2
Thyroid,Men,55-64,Non-standardised,Stage 1,1-year,2013-2017,England,137,99.2,97.2,101.2
Thyroid,Men,65-74,Non-standardised,Stage 1,1-year,2013-2017,England,123,95.8,91.6,99.9
Thyroid,Men,75-99,Non-standardised,Stage 1,1-year,2013-2017,England,38,94.1,83.9,104.2
Thyroid,Men,All ages,Non-standardised,Stage 1,1-year,2013-2017,England,"1,072",99.2,98.5,99.9
Thyroid,Men,All ages,Age-standardised,Stage 1,1-year,2013-2017,England,"1,072",98.1,96.4,99.9
Thyroid,Men,15-44,Non-standardised,Stage 2,1-year,2013-2017,England,46,95.8,89.9,101.6
Thyroid,Men,45-54,Non-standardised,Stage 2,1-year,2013-2017,England,65,:,:,:
Thyroid,Men,55-64,Non-standardised,Stage 2,1-year,2013-2017,England,64,:,:,:
Thyroid,Men,65-74,Non-standardised,Stage 2,1-year,2013-2017,England,55,98.2,94.7,101.7
Thyroid,Men,75-99,Non-standardised,Stage 2,1-year,2013-2017,England,28,:,:,:
Thyroid,Men,All ages,Non-standardised,Stage 2,1-year,2013-2017,England,258,99.6,98.0,101.1
Thyroid,Men,All ages,Age-standardised,Stage 2,1-year,2013-2017,England,258,:,:,:
Thyroid,Men,15-54,Non-standardised,Stage 3,1-year,2013-2017,England,205,99.7,98.7,100.7
Thyroid,Men,55-64,Non-standardised,Stage 3,1-year,2013-2017,England,134,98.7,96.6,100.7
Thyroid,Men,65-74,Non-standardised,Stage 3,1-year,2013-2017,England,125,97.7,94.2,101.2
Thyroid,Men,75-99,Non-standardised,Stage 3,1-year,2013-2017,England,84,93.7,86.4,101.0
Thyroid,Men,All ages,Non-standardised,Stage 3,1-year,2013-2017,England,548,98.2,96.7,99.8
Thyroid,Men,All ages,Age-standardised,Stage 3,1-year,2013-2017,England,548,98.2,96.8,99.6
Thyroid,Men,15-44,Non-standardised,Stage 4,1-year,2013-2017,England,45,95.6,89.7,101.6
Thyroid,Men,45-54,Non-standardised,Stage 4,1-year,2013-2017,England,135,94.3,90.3,98.3
Thyroid,Men,55-64,Non-standardised,Stage 4,1-year,2013-2017,England,174,78.0,71.8,84.3
Thyroid,Men,65-74,Non-standardised,Stage 4,1-year,2013-2017,England,264,72.0,66.5,77.6
Thyroid,Men,75-99,Non-standardised,Stage 4,1-year,2013-2017,England,222,48.9,41.9,55.9
Thyroid,Men,All ages,Non-standardised,Stage 4,1-year,2013-2017,England,840,72.0,68.9,75.2
Thyroid,Men,All ages,Age-standardised,Stage 4,1-year,2013-2017,England,840,78.6,75.9,81.5
Thyroid,Men,15-44,Non-standardised,Unstageable,1-year,2013-2017,England,7,:,:,:
Thyroid,Men,45-54,Non-standardised,Unstageable,1-year,2013-2017,England,9,:,:,:
Thyroid,Men,55-64,Non-standardised,Unstageable,1-year,2013-2017,England,11,:,:,:
Thyroid,Men,65-74,Non-standardised,Unstageable,1-year,2013-2017,England,17,:,:,:
Thyroid,Men,75-99,Non-standardised,Unstageable,1-year,2013-2017,England,30,:,:,:
Thyroid,Men,All ages,Non-standardised,Unstageable,1-year,2013-2017,England,74,50.7,39.0,62.3
Thyroid,Men,All ages,Age-standardised,Unstageable,1-year,2013-2017,England,74,:,:,:
Thyroid,Men,15-44,Non-standardised,Unknown/missing,1-year,2013-2017,England,327,99.5,98.6,100.3
Thyroid,Men,45-54,Non-standardised,Unknown/missing,1-year,2013-2017,England,291,97.1,95.1,99.1
Thyroid,Men,55-64,Non-standardised,Unknown/missing,1-year,2013-2017,England,245,94.1,91.0,97.2
Thyroid,Men,65-74,Non-standardised,Unknown/missing,1-year,2013-2017,England,231,86.7,82.1,91.4
Thyroid,Men,75-99,Non-standardised,Unknown/missing,1-year,2013-2017,England,182,73.1,65.9,80.3
Thyroid,Men,All ages,Non-standardised,Unknown/missing,1-year,2013-2017,England,"1,276",91.9,90.2,93.5
Thyroid,Men,All ages,Age-standardised,Unknown/missing,1-year,2013-2017,England,"1,276",91.3,89.5,93.0
Thyroid,Men,15-44,Non-standardised,All stages combined,1-year,2013-2017,England,"1,090",99.5,99.0,99.9
Thyroid,Men,45-54,Non-standardised,All stages combined,1-year,2013-2017,England,814,97.8,96.7,98.9
Thyroid,Men,55-64,Non-standardised,All stages combined,1-year,2013-2017,England,765,92.4,90.4,94.4
Thyroid,Men,65-74,Non-standardised,All stages combined,1-year,2013-2017,England,815,85.3,82.7,87.8
Thyroid,Men,75-99,Non-standardised,All stages combined,1-year,2013-2017,England,584,67.2,63.1,71.4
Thyroid,Men,All ages,Non-standardised,All stages combined,1-year,2013-2017,England,"4,068",90.3,89.4,91.3
Thyroid,Men,All ages,Age-standardised,All stages combined,1-year,2013-2017,England,"4,068",89.6,88.6,90.7
Thyroid,Men,15-44,Non-standardised,Stage 1,5-years,2013-2017,England,632,:,:,:
Thyroid,Men,45-54,Non-standardised,Stage 1,5-years,2013-2017,England,142,:,:,:
Thyroid,Men,55-64,Non-standardised,Stage 1,5-years,2013-2017,England,137,:,:,:
Thyroid,Men,65-74,Non-standardised,Stage 1,5-years,2013-2017,England,123,:,:,:
Thyroid,Men,75-99,Non-standardised,Stage 1,5-years,2013-2017,England,38,:,:,:
Thyroid,Men,All ages,Non-standardised,Stage 1,5-years,2013-2017,England,"1,072",:,:,:
Thyroid,Men,All ages,Age-standardised,Stage 1,5-years,2013-2017,England,"1,072",:,:,:
Thyroid,Men,15-44,Non-standardised,Stage 2,5-years,2013-2017,England,46,:,:,:
Thyroid,Men,45-54,Non-standardised,Stage 2,5-years,2013-2017,England,65,:,:,:
Thyroid,Men,55-64,Non-standardised,Stage 2,5-years,2013-2017,England,64,:,:,:
Thyroid,Men,65-74,Non-standardised,Stage 2,5-years,2013-2017,England,55,:,:,:
Thyroid,Men,75-99,Non-standardised,Stage 2,5-years,2013-2017,England,28,:,:,:
Thyroid,Men,All ages,Non-standardised,Stage 2,5-years,2013-2017,England,258,99.0,93.9,104.2
Thyroid,Men,All ages,Age-standardised,Stage 2,5-years,2013-2017,England,258,:,:,:
Thyroid,Men,15-44,Non-standardised,Stage 3,5-years,2013-2017,England,33,:,:,:
Thyroid,Men,45-54,Non-standardised,Stage 3,5-years,2013-2017,England,172,:,:,:
Thyroid,Men,55-64,Non-standardised,Stage 3,5-years,2013-2017,England,134,:,:,:
Thyroid,Men,65-74,Non-standardised,Stage 3,5-years,2013-2017,England,125,:,:,:
Thyroid,Men,75-99,Non-standardised,Stage 3,5-years,2013-2017,England,84,72.5,46.8,98.2
Thyroid,Men,All ages,Non-standardised,Stage 3,5-years,2013-2017,England,548,92.0,85.5,98.5
Thyroid,Men,All ages,Age-standardised,Stage 3,5-years,2013-2017,England,548,:,:,:
Thyroid,Men,15-44,Non-standardised,Stage 4,5-years,2013-2017,England,45,:,:,:
Thyroid,Men,45-54,Non-standardised,Stage 4,5-years,2013-2017,England,135,:,:,:
Thyroid,Men,55-64,Non-standardised,Stage 4,5-years,2013-2017,England,174,:,:,:
Thyroid,Men,65-74,Non-standardised,Stage 4,5-years,2013-2017,England,264,54.8,46.7,62.9
Thyroid,Men,75-99,Non-standardised,Stage 4,5-years,2013-2017,England,222,31.0,19.0,43.1
Thyroid,Men,All ages,Non-standardised,Stage 4,5-years,2013-2017,England,840,58.2,53.0,63.3
Thyroid,Men,All ages,Age-standardised,Stage 4,5-years,2013-2017,England,840,:,:,:
Thyroid,Men,15-44,Non-standardised,Unstageable,5-years,2013-2017,England,7,:,:,:
Thyroid,Men,45-54,Non-standardised,Unstageable,5-years,2013-2017,England,9,:,:,:
Thyroid,Men,55-64,Non-standardised,Unstageable,5-years,2013-2017,England,11,:,:,:
Thyroid,Men,65-74,Non-standardised,Unstageable,5-years,2013-2017,England,17,:,:,:
Thyroid,Men,75-99,Non-standardised,Unstageable,5-years,2013-2017,England,30,:,:,:
Thyroid,Men,All ages,Non-standardised,Unstageable,5-years,2013-2017,England,74,:,:,:
Thyroid,Men,All ages,Age-standardised,Unstageable,5-years,2013-2017,England,74,:,:,:
Thyroid,Men,15-44,Non-standardised,Unknown/missing,5-years,2013-2017,England,327,:,:,:
Thyroid,Men,45-54,Non-standardised,Unknown/missing,5-years,2013-2017,England,291,94.7,91.3,98.1
Thyroid,Men,55-64,Non-standardised,Unknown/missing,5-years,2013-2017,England,245,:,:,:
Thyroid,Men,65-74,Non-standardised,Unknown/missing,5-years,2013-2017,England,231,81.5,74.0,89.0
Thyroid,Men,75-99,Non-standardised,Unknown/missing,5-years,2013-2017,England,182,60.7,47.9,73.6
Thyroid,Men,All ages,Non-standardised,Unknown/missing,5-years,2013-2017,England,"1,276",87.0,84.3,89.8
Thyroid,Men,All ages,Age-standardised,Unknown/missing,5-years,2013-2017,England,"1,276",:,:,:
Thyroid,Men,15-54,Non-standardised,All stages combined,5-years,2013-2017,England,"1,904",97.8,96.8,98.8
Thyroid,Men,55-64,Non-standardised,All stages combined,5-years,2013-2017,England,765,84.5,80.8,88.2
Thyroid,Men,65-74,Non-standardised,All stages combined,5-years,2013-2017,England,815,76.7,72.3,81.0
Thyroid,Men,75-99,Non-standardised,All stages combined,5-years,2013-2017,England,584,52.1,44.1,60.1
Thyroid,Men,All ages,Non-standardised,All stages combined,5-years,2013-2017,England,"4,068",84.5,82.7,86.3
Thyroid,Men,All ages,Age-standardised,All stages combined,5-years,2013-2017,England,"4,068",82.7,80.5,84.9
Thyroid,Women,15-44,Non-standardised,Stage 1,1-year,2013-2017,England,"2,582",100.0,99.8,100.1
Thyroid,Women,45-54,Non-standardised,Stage 1,1-year,2013-2017,England,687,100.0,99.7,100.3
Thyroid,Women,55-64,Non-standardised,Stage 1,1-year,2013-2017,England,428,99.7,98.9,100.5
Thyroid,Women,65-74,Non-standardised,Stage 1,1-year,2013-2017,England,339,100.0,99.0,101.0
Thyroid,Women,75-99,Non-standardised,Stage 1,1-year,2013-2017,England,117,97.8,94.5,101.2
Thyroid,Women,All ages,Non-standardised,Stage 1,1-year,2013-2017,England,"4,153",100.0,99.8,100.2
Thyroid,Women,All ages,Age-standardised,Stage 1,1-year,2013-2017,England,"4,153",99.6,99.1,100.2
Thyroid,Women,15-44,Non-standardised,Stage 2,1-year,2013-2017,England,102,:,:,:
Thyroid,Women,45-54,Non-standardised,Stage 2,1-year,2013-2017,England,286,:,:,:
Thyroid,Women,55-64,Non-standardised,Stage 2,1-year,2013-2017,England,171,99.0,97.4,100.6
Thyroid,Women,65-74,Non-standardised,Stage 2,1-year,2013-2017,England,161,100.0,100.0,100.0
Thyroid,Women,75-99,Non-standardised,Stage 2,1-year,2013-2017,England,66,97.6,92.5,102.7
Thyroid,Women,All ages,Non-standardised,Stage 2,1-year,2013-2017,England,786,99.8,99.2,100.3
Thyroid,Women,All ages,Age-standardised,Stage 2,1-year,2013-2017,England,786,:,:,:
Thyroid,Women,15-44,Non-standardised,Stage 3,1-year,2013-2017,England,80,:,:,:
Thyroid,Women,45-54,Non-standardised,Stage 3,1-year,2013-2017,England,332,:,:,:
Thyroid,Women,55-64,Non-standardised,Stage 3,1-year,2013-2017,England,271,99.4,98.1,100.6
Thyroid,Women,65-74,Non-standardised,Stage 3,1-year,2013-2017,England,253,99.7,98.3,101.0
Thyroid,Women,75-99,Non-standardised,Stage 3,1-year,2013-2017,England,158,98.4,94.6,102.3
Thyroid,Women,All ages,Non-standardised,Stage 3,1-year,2013-2017,England,"1,094",99.7,99.0,100.4
Thyroid,Women,All ages,Age-standardised,Stage 3,1-year,2013-2017,England,"1,094",:,:,:
Thyroid,Women,15-44,Non-standardised,Stage 4,1-year,2013-2017,England,69,98.6,95.8,101.4
Thyroid,Women,45-54,Non-standardised,Stage 4,1-year,2013-2017,England,173,91.5,87.3,95.7
Thyroid,Women,55-64,Non-standardised,Stage 4,1-year,2013-2017,England,191,77.1,71.1,83.1
Thyroid,Women,65-74,Non-standardised,Stage 4,1-year,2013-2017,England,236,60.0,53.7,66.3
Thyroid,Women,75-99,Non-standardised,Stage 4,1-year,2013-2017,England,333,46.1,40.6,51.7
Thyroid,Women,All ages,Non-standardised,Stage 4,1-year,2013-2017,England,"1,002",66.8,63.8,69.8
Thyroid,Women,All ages,Age-standardised,Stage 4,1-year,2013-2017,England,"1,002",75.3,72.8,77.8
Thyroid,Women,15-44,Non-standardised,Unstageable,1-year,2013-2017,England,37,:,:,:
Thyroid,Women,45-54,Non-standardised,Unstageable,1-year,2013-2017,England,26,92.4,82.3,102.4
Thyroid,Women,55-64,Non-standardised,Unstageable,1-year,2013-2017,England,20,85.2,70.2,100.2
Thyroid,Women,65-74,Non-standardised,Unstageable,1-year,2013-2017,England,15,86.9,70.3,103.5
Thyroid,Women,75-99,Non-standardised,Unstageable,1-year,2013-2017,England,71,:,:,:
Thyroid,Women,All ages,Non-standardised,Unstageable,1-year,2013-2017,England,169,62.2,54.8,69.7
Thyroid,Women,All ages,Age-standardised,Unstageable,1-year,2013-2017,England,169,:,:,:
Thyroid,Women,15-44,Non-standardised,Unknown/missing,1-year,2013-2017,England,"1,428",99.9,99.7,100.1
Thyroid,Women,45-54,Non-standardised,Unknown/missing,1-year,2013-2017,England,806,99.4,98.8,100.0
Thyroid,Women,55-64,Non-standardised,Unknown/missing,1-year,2013-2017,England,571,98.2,97.0,99.4
Thyroid,Women,65-74,Non-standardised,Unknown/missing,1-year,2013-2017,England,486,92.0,89.4,94.6
Thyroid,Women,75-99,Non-standardised,Unknown/missing,1-year,2013-2017,England,359,71.1,65.9,76.2
Thyroid,Women,All ages,Non-standardised,Unknown/missing,1-year,2013-2017,England,"3,650",95.7,95.0,96.4
Thyroid,Women,All ages,Age-standardised,Unknown/missing,1-year,2013-2017,England,"3,650",93.3,92.2,94.4
Thyroid,Women,15-44,Non-standardised,All stages combined,1-year,2013-2017,England,"4,298",99.9,99.8,100.0
Thyroid,Women,45-54,Non-standardised,All stages combined,1-year,2013-2017,England,"2,310",99.1,98.7,99.5
Thyroid,Women,55-64,Non-standardised,All stages combined,1-year,2013-2017,England,"1,652",96.4,95.4,97.3
Thyroid,Women,65-74,Non-standardised,All stages combined,1-year,2013-2017,England,"1,490",91.1,89.6,92.6
Thyroid,Women,75-99,Non-standardised,All stages combined,1-year,2013-2017,England,"1,104",69.0,66.1,71.9
Thyroid,Women,All ages,Non-standardised,All stages combined,1-year,2013-2017,England,"10,854",94.9,94.4,95.3
Thyroid,Women,All ages,Age-standardised,All stages combined,1-year,2013-2017,England,"10,854",92.3,91.6,93.0
Thyroid,Women,15-44,Non-standardised,Stage 1,5-years,2013-2017,England,"2,582",:,:,:
Thyroid,Women,45-54,Non-standardised,Stage 1,5-years,2013-2017,England,687,:,:,:
Thyroid,Women,55-64,Non-standardised,Stage 1,5-years,2013-2017,England,428,:,:,:
Thyroid,Women,65-74,Non-standardised,Stage 1,5-years,2013-2017,England,339,101.7,96.9,106.5
Thyroid,Women,75-99,Non-standardised,Stage 1,5-years,2013-2017,England,117,:,:,:
Thyroid,Women,All ages,Non-standardised,Stage 1,5-years,2013-2017,England,"4,153",100.1,99.5,100.8
Thyroid,Women,All ages,Age-standardised,Stage 1,5-years,2013-2017,England,"4,153",:,:,:
Thyroid,Women,15-44,Non-standardised,Stage 2,5-years,2013-2017,England,102,91.9,81.8,101.9
Thyroid,Women,45-54,Non-standardised,Stage 2,5-years,2013-2017,England,286,:,:,:
Thyroid,Women,55-64,Non-standardised,Stage 2,5-years,2013-2017,England,171,:,:,:
Thyroid,Women,65-74,Non-standardised,Stage 2,5-years,2013-2017,England,161,99.4,92.9,105.9
Thyroid,Women,75-99,Non-standardised,Stage 2,5-years,2013-2017,England,66,:,:,:
Thyroid,Women,All ages,Non-standardised,Stage 2,5-years,2013-2017,England,786,97.7,94.6,100.7
Thyroid,Women,All ages,Age-standardised,Stage 2,5-years,2013-2017,England,786,:,:,:
Thyroid,Women,15-44,Non-standardised,Stage 3,5-years,2013-2017,England,80,:,:,:
Thyroid,Women,45-54,Non-standardised,Stage 3,5-years,2013-2017,England,332,98.7,95.8,101.7
Thyroid,Women,55-64,Non-standardised,Stage 3,5-years,2013-2017,England,271,95.9,91.1,100.8
Thyroid,Women,65-74,Non-standardised,Stage 3,5-years,2013-2017,England,253,:,:,:
Thyroid,Women,75-99,Non-standardised,Stage 3,5-years,2013-2017,England,158,98.2,84.1,112.3
Thyroid,Women,All ages,Non-standardised,Stage 3,5-years,2013-2017,England,"1,094",98.0,95.0,101.0
Thyroid,Women,All ages,Age-standardised,Stage 3,5-years,2013-2017,England,"1,094",:,:,:
Thyroid,Women,15-44,Non-standardised,Stage 4,5-years,2013-2017,England,69,:,:,:
Thyroid,Women,45-54,Non-standardised,Stage 4,5-years,2013-2017,England,173,85.4,78.2,92.5
Thyroid,Women,55-64,Non-standardised,Stage 4,5-years,2013-2017,England,191,:,:,:
Thyroid,Women,65-74,Non-standardised,Stage 4,5-years,2013-2017,England,236,42.2,33.3,51.0
Thyroid,Women,75-99,Non-standardised,Stage 4,5-years,2013-2017,England,333,:,:,:
Thyroid,Women,All ages,Non-standardised,Stage 4,5-years,2013-2017,England,"1,002",54.9,50.5,59.2
Thyroid,Women,All ages,Age-standardised,Stage 4,5-years,2013-2017,England,"1,002",:,:,:
Thyroid,Women,15-44,Non-standardised,Unstageable,5-years,2013-2017,England,37,:,:,:
Thyroid,Women,45-54,Non-standardised,Unstageable,5-years,2013-2017,England,26,:,:,:
Thyroid,Women,55-64,Non-standardised,Unstageable,5-years,2013-2017,England,20,:,:,:
Thyroid,Women,65-74,Non-standardised,Unstageable,5-years,2013-2017,England,15,:,:,:
Thyroid,Women,75-99,Non-standardised,Unstageable,5-years,2013-2017,England,71,:,:,:
Thyroid,Women,All ages,Non-standardised,Unstageable,5-years,2013-2017,England,169,56.1,46.3,66.0
Thyroid,Women,All ages,Age-standardised,Unstageable,5-years,2013-2017,England,169,:,:,:
Thyroid,Women,15-44,Non-standardised,Unknown/missing,5-years,2013-2017,England,"1,428",:,:,:
Thyroid,Women,45-54,Non-standardised,Unknown/missing,5-years,2013-2017,England,806,:,:,:
Thyroid,Women,55-64,Non-standardised,Unknown/missing,5-years,2013-2017,England,571,98.1,96.1,100.1
Thyroid,Women,65-74,Non-standardised,Unknown/missing,5-years,2013-2017,England,486,:,:,:
Thyroid,Women,75-99,Non-standardised,Unknown/missing,5-years,2013-2017,England,359,61.2,52.2,70.2
Thyroid,Women,All ages,Non-standardised,Unknown/missing,5-years,2013-2017,England,"3,650",94.4,93.2,95.6
Thyroid,Women,All ages,Age-standardised,Unknown/missing,5-years,2013-2017,England,"3,650",:,:,:
Thyroid,Women,15-44,Non-standardised,All stages combined,5-years,2013-2017,England,"4,298",99.7,99.4,100.0
Thyroid,Women,45-54,Non-standardised,All stages combined,5-years,2013-2017,England,"2,310",97.9,96.9,98.9
Thyroid,Women,55-64,Non-standardised,All stages combined,5-years,2013-2017,England,"1,652",93.9,92.2,95.6
Thyroid,Women,65-74,Non-standardised,All stages combined,5-years,2013-2017,England,"1,490",88.1,85.5,90.6
Thyroid,Women,75-99,Non-standardised,All stages combined,5-years,2013-2017,England,"1,104",62.1,56.8,67.4
Thyroid,Women,All ages,Non-standardised,All stages combined,5-years,2013-2017,England,"10,854",93.0,92.2,93.8
Thyroid,Women,All ages,Age-standardised,All stages combined,5-years,2013-2017,England,"10,854",89.6,88.4,90.9
Thyroid,Persons,15-44,Non-standardised,Stage 1,1-year,2013-2017,England,"3,214",99.9,99.8,100.0
Thyroid,Persons,45-54,Non-standardised,Stage 1,1-year,2013-2017,England,829,100.0,99.8,100.3
Thyroid,Persons,55-64,Non-standardised,Stage 1,1-year,2013-2017,England,565,99.6,98.8,100.4
Thyroid,Persons,65-74,Non-standardised,Stage 1,1-year,2013-2017,England,462,99.0,97.6,100.3
Thyroid,Persons,75-99,Non-standardised,Stage 1,1-year,2013-2017,England,155,98.3,94.7,101.9
Thyroid,Persons,All ages,Non-standardised,Stage 1,1-year,2013-2017,England,"5,225",99.8,99.6,100.0
Thyroid,Persons,All ages,Age-standardised,Stage 1,1-year,2013-2017,England,"5,225",99.5,98.9,100.1
Thyroid,Persons,15-54,Non-standardised,Stage 2,1-year,2013-2017,England,499,99.8,99.2,100.3
Thyroid,Persons,55-64,Non-standardised,Stage 2,1-year,2013-2017,England,235,99.4,98.2,100.6
Thyroid,Persons,65-74,Non-standardised,Stage 2,1-year,2013-2017,England,216,99.6,98.7,100.5
Thyroid,Persons,75-99,Non-standardised,Stage 2,1-year,2013-2017,England,94,99.0,94.8,103.2
Thyroid,Persons,All ages,Non-standardised,Stage 2,1-year,2013-2017,England,"1,044",99.9,99.4,100.5
Thyroid,Persons,All ages,Age-standardised,Stage 2,1-year,2013-2017,England,"1,044",99.5,98.8,100.3
Thyroid,Persons,15-54,Non-standardised,Stage 3,1-year,2013-2017,England,617,100.0,99.7,100.3
Thyroid,Persons,55-64,Non-standardised,Stage 3,1-year,2013-2017,England,405,99.3,98.2,100.4
Thyroid,Persons,65-74,Non-standardised,Stage 3,1-year,2013-2017,England,378,99.2,97.8,100.7
Thyroid,Persons,75-99,Non-standardised,Stage 3,1-year,2013-2017,England,242,96.9,93.3,100.5
Thyroid,Persons,All ages,Non-standardised,Stage 3,1-year,2013-2017,England,"1,642",99.2,98.5,99.9
Thyroid,Persons,All ages,Age-standardised,Stage 3,1-year,2013-2017,England,"1,642",99.3,98.6,99.9
Thyroid,Persons,15-44,Non-standardised,Stage 4,1-year,2013-2017,England,114,97.4,94.5,100.4
Thyroid,Persons,45-54,Non-standardised,Stage 4,1-year,2013-2017,England,308,92.7,89.8,95.7
Thyroid,Persons,55-64,Non-standardised,Stage 4,1-year,2013-2017,England,365,77.6,73.3,81.9
Thyroid,Persons,65-74,Non-standardised,Stage 4,1-year,2013-2017,England,500,66.4,62.1,70.6
Thyroid,Persons,75-99,Non-standardised,Stage 4,1-year,2013-2017,England,555,47.3,42.9,51.6
Thyroid,Persons,All ages,Non-standardised,Stage 4,1-year,2013-2017,England,"1,842",69.2,67.0,71.4
Thyroid,Persons,All ages,Age-standardised,Stage 4,1-year,2013-2017,England,"1,842",77.1,75.3,78.9
Thyroid,Persons,15-54,Non-standardised,Unstageable,1-year,2013-2017,England,79,95.0,90.2,99.8
Thyroid,Persons,55-64,Non-standardised,Unstageable,1-year,2013-2017,England,31,77.6,63.3,92.0
Thyroid,Persons,65-74,Non-standardised,Unstageable,1-year,2013-2017,England,32,69.3,53.4,85.2
Thyroid,Persons,75-99,Non-standardised,Unstageable,1-year,2013-2017,England,101,21.3,13.0,29.6
Thyroid,Persons,All ages,Non-standardised,Unstageable,1-year,2013-2017,England,243,58.8,52.5,65.2
Thyroid,Persons,All ages,Age-standardised,Unstageable,1-year,2013-2017,England,243,69.3,63.7,75.4
Thyroid,Persons,15-44,Non-standardised,Unknown/missing,1-year,2013-2017,England,"1,755",99.8,99.6,100.1
Thyroid,Persons,45-54,Non-standardised,Unknown/missing,1-year,2013-2017,England,"1,097",98.8,98.1,99.5
Thyroid,Persons,55-64,Non-standardised,Unknown/missing,1-year,2013-2017,England,816,97.1,95.8,98.3
Thyroid,Persons,65-74,Non-standardised,Unknown/missing,1-year,2013-2017,England,717,90.3,88.0,92.6
Thyroid,Persons,75-99,Non-standardised,Unknown/missing,1-year,2013-2017,England,541,71.8,67.6,76.0
Thyroid,Persons,All ages,Non-standardised,Unknown/missing,1-year,2013-2017,England,"4,926",94.7,94.0,95.4
Thyroid,Persons,All ages,Age-standardised,Unknown/missing,1-year,2013-2017,England,"4,926",92.7,91.8,93.7
Thyroid,Persons,15-44,Non-standardised,All stages combined,1-year,2013-2017,England,"5,388",99.8,99.7,100.0
Thyroid,Persons,45-54,Non-standardised,All stages combined,1-year,2013-2017,England,"3,124",98.8,98.4,99.2
Thyroid,Persons,55-64,Non-standardised,All stages combined,1-year,2013-2017,England,"2,417",95.1,94.2,96.0
Thyroid,Persons,65-74,Non-standardised,All stages combined,1-year,2013-2017,England,"2,305",89.0,87.7,90.4
Thyroid,Persons,75-99,Non-standardised,All stages combined,1-year,2013-2017,England,"1,688",68.4,66.0,70.8
Thyroid,Persons,All ages,Non-standardised,All stages combined,1-year,2013-2017,England,"14,922",93.6,93.2,94.1
Thyroid,Persons,All ages,Age-standardised,All stages combined,1-year,2013-2017,England,"14,922",91.4,90.9,92.0
Thyroid,Persons,15-44,Non-standardised,Stage 1,5-years,2013-2017,England,"3,214",:,:,:
Thyroid,Persons,45-54,Non-standardised,Stage 1,5-years,2013-2017,England,829,:,:,:
Thyroid,Persons,55-64,Non-standardised,Stage 1,5-years,2013-2017,England,565,:,:,:
Thyroid,Persons,65-74,Non-standardised,Stage 1,5-years,2013-2017,England,462,98.8,94.4,103.2
Thyroid,Persons,75-99,Non-standardised,Stage 1,5-years,2013-2017,England,155,:,:,:
Thyroid,Persons,All ages,Non-standardised,Stage 1,5-years,2013-2017,England,"5,225",99.8,99.2,100.4
Thyroid,Persons,All ages,Age-standardised,Stage 1,5-years,2013-2017,England,"5,225",:,:,:
Thyroid,Persons,15-44,Non-standardised,Stage 2,5-years,2013-2017,England,148,92.2,84.7,99.7
Thyroid,Persons,45-54,Non-standardised,Stage 2,5-years,2013-2017,England,351,:,:,:
Thyroid,Persons,55-64,Non-standardised,Stage 2,5-years,2013-2017,England,235,:,:,:
Thyroid,Persons,65-74,Non-standardised,Stage 2,5-years,2013-2017,England,216,99.8,94.3,105.3
Thyroid,Persons,75-99,Non-standardised,Stage 2,5-years,2013-2017,England,94,96.7,79.5,113.8
Thyroid,Persons,All ages,Non-standardised,Stage 2,5-years,2013-2017,England,"1,044",98.0,95.4,100.7
Thyroid,Persons,All ages,Age-standardised,Stage 2,5-years,2013-2017,England,"1,044",:,:,:
Thyroid,Persons,15-44,Non-standardised,Stage 3,5-years,2013-2017,England,113,:,:,:
Thyroid,Persons,45-54,Non-standardised,Stage 3,5-years,2013-2017,England,504,98.3,95.5,101.2
Thyroid,Persons,55-64,Non-standardised,Stage 3,5-years,2013-2017,England,405,95.7,91.7,99.6
Thyroid,Persons,65-74,Non-standardised,Stage 3,5-years,2013-2017,England,378,:,:,:
Thyroid,Persons,75-99,Non-standardised,Stage 3,5-years,2013-2017,England,242,89.5,76.2,102.9
Thyroid,Persons,All ages,Non-standardised,Stage 3,5-years,2013-2017,England,"1,642",96.1,93.2,99.0
Thyroid,Persons,All ages,Age-standardised,Stage 3,5-years,2013-2017,England,"1,642",:,:,:
Thyroid,Persons,15-54,Non-standardised,Stage 4,5-years,2013-2017,England,422,88.9,85.1,92.6
Thyroid,Persons,55-64,Non-standardised,Stage 4,5-years,2013-2017,England,365,63.6,56.5,70.7
Thyroid,Persons,65-74,Non-standardised,Stage 4,5-years,2013-2017,England,500,48.8,42.8,54.9
Thyroid,Persons,75-99,Non-standardised,Stage 4,5-years,2013-2017,England,555,33.2,26.1,40.3
Thyroid,Persons,All ages,Non-standardised,Stage 4,5-years,2013-2017,England,"1,842",56.3,53.0,59.7
Thyroid,Persons,All ages,Age-standardised,Stage 4,5-years,2013-2017,England,"1,842",64.0,61.0,67.2
Thyroid,Persons,15-44,Non-standardised,Unstageable,5-years,2013-2017,England,44,:,:,:
Thyroid,Persons,45-54,Non-standardised,Unstageable,5-years,2013-2017,England,35,:,:,:
Thyroid,Persons,55-64,Non-standardised,Unstageable,5-years,2013-2017,England,31,:,:,:
Thyroid,Persons,65-74,Non-standardised,Unstageable,5-years,2013-2017,England,32,:,:,:
Thyroid,Persons,75-99,Non-standardised,Unstageable,5-years,2013-2017,England,101,:,:,:
Thyroid,Persons,All ages,Non-standardised,Unstageable,5-years,2013-2017,England,243,51.0,43.0,58.9
Thyroid,Persons,All ages,Age-standardised,Unstageable,5-years,2013-2017,England,243,:,:,:
Thyroid,Persons,15-54,Non-standardised,Unknown/missing,5-years,2013-2017,England,"2,852",99.0,98.4,99.6
Thyroid,Persons,55-64,Non-standardised,Unknown/missing,5-years,2013-2017,England,816,94.4,92.1,96.7
Thyroid,Persons,65-74,Non-standardised,Unknown/missing,5-years,2013-2017,England,717,88.2,84.7,91.7
Thyroid,Persons,75-99,Non-standardised,Unknown/missing,5-years,2013-2017,England,541,61.3,53.8,68.7
Thyroid,Persons,All ages,Non-standardised,Unknown/missing,5-years,2013-2017,England,"4,926",92.5,91.3,93.6
Thyroid,Persons,All ages,Age-standardised,Unknown/missing,5-years,2013-2017,England,"4,926",89.5,87.8,91.3
Thyroid,Persons,15-44,Non-standardised,All stages combined,5-years,2013-2017,England,"5,388",99.6,99.3,99.9
Thyroid,Persons,45-54,Non-standardised,All stages combined,5-years,2013-2017,England,"3,124",97.3,96.4,98.2
Thyroid,Persons,55-64,Non-standardised,All stages combined,5-years,2013-2017,England,"2,417",90.9,89.3,92.6
Thyroid,Persons,65-74,Non-standardised,All stages combined,5-years,2013-2017,England,"2,305",84.1,81.8,86.3
Thyroid,Persons,75-99,Non-standardised,All stages combined,5-years,2013-2017,England,"1,688",58.8,54.3,63.2
Thyroid,Persons,All ages,Non-standardised,All stages combined,5-years,2013-2017,England,"14,922",90.7,89.9,91.4
Thyroid,Persons,All ages,Age-standardised,All stages combined,5-years,2013-2017,England,"14,922",87.4,86.3,88.5
Urinary Tract,Men,15-44,Non-standardised,Stage 1,1-year,2013-2017,England,9,:,:,:
Urinary Tract,Men,45-54,Non-standardised,Stage 1,1-year,2013-2017,England,36,:,:,:
Urinary Tract,Men,55-64,Non-standardised,Stage 1,1-year,2013-2017,England,126,94.4,90.1,98.7
Urinary Tract,Men,65-74,Non-standardised,Stage 1,1-year,2013-2017,England,282,94.2,91.1,97.4
Urinary Tract,Men,75-99,Non-standardised,Stage 1,1-year,2013-2017,England,317,91.3,87.1,95.4
Urinary Tract,Men,All ages,Non-standardised,Stage 1,1-year,2013-2017,England,770,93.4,91.2,95.6
Urinary Tract,Men,All ages,Age-standardised,Stage 1,1-year,2013-2017,England,770,:,:,:
Urinary Tract,Men,15-54,Non-standardised,Stage 2,1-year,2013-2017,England,32,97.1,91.2,103.1
Urinary Tract,Men,55-64,Non-standardised,Stage 2,1-year,2013-2017,England,64,94.5,88.6,100.4
Urinary Tract,Men,65-74,Non-standardised,Stage 2,1-year,2013-2017,England,186,94.8,91.0,98.5
Urinary Tract,Men,75-99,Non-standardised,Stage 2,1-year,2013-2017,England,243,91.2,86.4,96.0
Urinary Tract,Men,All ages,Non-standardised,Stage 2,1-year,2013-2017,England,525,93.3,90.5,96.0
Urinary Tract,Men,All ages,Age-standardised,Stage 2,1-year,2013-2017,England,525,94.1,91.6,96.6
Urinary Tract,Men,15-54,Non-standardised,Stage 3,1-year,2013-2017,England,38,81.9,69.7,94.0
Urinary Tract,Men,55-64,Non-standardised,Stage 3,1-year,2013-2017,England,114,90.2,84.5,95.9
Urinary Tract,Men,65-74,Non-standardised,Stage 3,1-year,2013-2017,England,304,86.5,82.4,90.6
Urinary Tract,Men,75-99,Non-standardised,Stage 3,1-year,2013-2017,England,305,83.8,79.0,88.7
Urinary Tract,Men,All ages,Non-standardised,Stage 3,1-year,2013-2017,England,761,85.8,83.0,88.6
Urinary Tract,Men,All ages,Age-standardised,Stage 3,1-year,2013-2017,England,761,85.7,82.4,89.0
Urinary Tract,Men,15-54,Non-standardised,Stage 4,1-year,2013-2017,England,67,46.4,34.6,58.2
Urinary Tract,Men,55-64,Non-standardised,Stage 4,1-year,2013-2017,England,147,43.2,35.2,51.2
Urinary Tract,Men,65-74,Non-standardised,Stage 4,1-year,2013-2017,England,372,39.2,34.1,44.2
Urinary Tract,Men,75-99,Non-standardised,Stage 4,1-year,2013-2017,England,528,33.0,28.8,37.2
Urinary Tract,Men,All ages,Non-standardised,Stage 4,1-year,2013-2017,England,"1,114",37.2,34.3,40.1
Urinary Tract,Men,All ages,Age-standardised,Stage 4,1-year,2013-2017,England,"1,114",39.4,36.2,42.8
Urinary Tract,Men,15-44,Non-standardised,Unstageable,1-year,2013-2017,England,1,:,:,:
Urinary Tract,Men,45-54,Non-standardised,Unstageable,1-year,2013-2017,England,8,:,:,:
Urinary Tract,Men,55-64,Non-standardised,Unstageable,1-year,2013-2017,England,12,:,:,:
Urinary Tract,Men,65-74,Non-standardised,Unstageable,1-year,2013-2017,England,39,54.9,39.3,70.5
Urinary Tract,Men,75-99,Non-standardised,Unstageable,1-year,2013-2017,England,75,39.3,27.8,50.8
Urinary Tract,Men,All ages,Non-standardised,Unstageable,1-year,2013-2017,England,135,46.2,37.5,54.9
Urinary Tract,Men,All ages,Age-standardised,Unstageable,1-year,2013-2017,England,135,:,:,:
Urinary Tract,Men,15-54,Non-standardised,Unknown/missing,1-year,2013-2017,England,55,80.2,69.8,90.7
Urinary Tract,Men,55-64,Non-standardised,Unknown/missing,1-year,2013-2017,England,119,77.9,70.4,85.5
Urinary Tract,Men,65-74,Non-standardised,Unknown/missing,1-year,2013-2017,England,293,73.8,68.6,79.0
Urinary Tract,Men,75-99,Non-standardised,Unknown/missing,1-year,2013-2017,England,734,58.8,54.9,62.7
Urinary Tract,Men,All ages,Non-standardised,Unknown/missing,1-year,2013-2017,England,"1,201",65.4,62.4,68.3
Urinary Tract,Men,All ages,Age-standardised,Unknown/missing,1-year,2013-2017,England,"1,201",71.1,68.1,74.3
Urinary Tract,Men,15-44,Non-standardised,All stages combined,1-year,2013-2017,England,47,76.7,64.7,88.7
Urinary Tract,Men,45-54,Non-standardised,All stages combined,1-year,2013-2017,England,199,75.6,69.7,81.6
Urinary Tract,Men,55-64,Non-standardised,All stages combined,1-year,2013-2017,England,582,76.6,73.1,80.1
Urinary Tract,Men,65-74,Non-standardised,All stages combined,1-year,2013-2017,England,"1,476",73.7,71.4,76.0
Urinary Tract,Men,75-99,Non-standardised,All stages combined,1-year,2013-2017,England,"2,202",63.7,61.5,65.9
Urinary Tract,Men,All ages,Non-standardised,All stages combined,1-year,2013-2017,England,"4,506",69.3,67.9,70.8
Urinary Tract,Men,All ages,Age-standardised,All stages combined,1-year,2013-2017,England,"4,506",71.7,70.1,73.3
Urinary Tract,Men,15-44,Non-standardised,Stage 1,5-years,2013-2017,England,9,:,:,:
Urinary Tract,Men,45-54,Non-standardised,Stage 1,5-years,2013-2017,England,36,:,:,:
Urinary Tract,Men,55-64,Non-standardised,Stage 1,5-years,2013-2017,England,126,78.2,68.1,88.3
Urinary Tract,Men,65-74,Non-standardised,Stage 1,5-years,2013-2017,England,282,77.6,69.7,85.6
Urinary Tract,Men,75-99,Non-standardised,Stage 1,5-years,2013-2017,England,317,57.1,43.8,70.4
Urinary Tract,Men,All ages,Non-standardised,Stage 1,5-years,2013-2017,England,770,69.1,61.6,76.5
Urinary Tract,Men,All ages,Age-standardised,Stage 1,5-years,2013-2017,England,770,:,:,:
Urinary Tract,Men,15-44,Non-standardised,Stage 2,5-years,2013-2017,England,8,:,:,:
Urinary Tract,Men,45-54,Non-standardised,Stage 2,5-years,2013-2017,England,24,:,:,:
Urinary Tract,Men,55-64,Non-standardised,Stage 2,5-years,2013-2017,England,64,69.9,53.0,86.9
Urinary Tract,Men,65-74,Non-standardised,Stage 2,5-years,2013-2017,England,186,70.5,60.2,80.8
Urinary Tract,Men,75-99,Non-standardised,Stage 2,5-years,2013-2017,England,243,62.2,48.0,76.5
Urinary Tract,Men,All ages,Non-standardised,Stage 2,5-years,2013-2017,England,525,68.0,60.5,75.6
Urinary Tract,Men,All ages,Age-standardised,Stage 2,5-years,2013-2017,England,525,:,:,:
Urinary Tract,Men,15-44,Non-standardised,Stage 3,5-years,2013-2017,England,7,:,:,:
Urinary Tract,Men,45-54,Non-standardised,Stage 3,5-years,2013-2017,England,31,:,:,:
Urinary Tract,Men,55-64,Non-standardised,Stage 3,5-years,2013-2017,England,114,69.3,58.5,80.1
Urinary Tract,Men,65-74,Non-standardised,Stage 3,5-years,2013-2017,England,304,39.3,30.2,48.4
Urinary Tract,Men,75-99,Non-standardised,Stage 3,5-years,2013-2017,England,305,46.6,36.4,56.8
Urinary Tract,Men,All ages,Non-standardised,Stage 3,5-years,2013-2017,England,761,48.2,42.3,54.0
Urinary Tract,Men,All ages,Age-standardised,Stage 3,5-years,2013-2017,England,761,:,:,:
Urinary Tract,Men,15-44,Non-standardised,Stage 4,5-years,2013-2017,England,13,:,:,:
Urinary Tract,Men,45-54,Non-standardised,Stage 4,5-years,2013-2017,England,54,:,:,:
Urinary Tract,Men,55-64,Non-standardised,Stage 4,5-years,2013-2017,England,147,:,:,:
Urinary Tract,Men,65-74,Non-standardised,Stage 4,5-years,2013-2017,England,372,13.8,9.2,18.5
Urinary Tract,Men,75-99,Non-standardised,Stage 4,5-years,2013-2017,England,528,:,:,:
Urinary Tract,Men,All ages,Non-standardised,Stage 4,5-years,2013-2017,England,"1,114",11.2,8.4,14.1
Urinary Tract,Men,All ages,Age-standardised,Stage 4,5-years,2013-2017,England,"1,114",:,:,:
Urinary Tract,Men,15-44,Non-standardised,Unstageable,5-years,2013-2017,England,1,:,:,:
Urinary Tract,Men,45-54,Non-standardised,Unstageable,5-years,2013-2017,England,8,:,:,:
Urinary Tract,Men,55-64,Non-standardised,Unstageable,5-years,2013-2017,England,12,:,:,:
Urinary Tract,Men,65-74,Non-standardised,Unstageable,5-years,2013-2017,England,39,:,:,:
Urinary Tract,Men,75-99,Non-standardised,Unstageable,5-years,2013-2017,England,75,:,:,:
Urinary Tract,Men,All ages,Non-standardised,Unstageable,5-years,2013-2017,England,135,:,:,:
Urinary Tract,Men,All ages,Age-standardised,Unstageable,5-years,2013-2017,England,135,:,:,:
Urinary Tract,Men,15-44,Non-standardised,Unknown/missing,5-years,2013-2017,England,9,:,:,:
Urinary Tract,Men,45-54,Non-standardised,Unknown/missing,5-years,2013-2017,England,46,:,:,:
Urinary Tract,Men,55-64,Non-standardised,Unknown/missing,5-years,2013-2017,England,119,54.7,44.3,65.1
Urinary Tract,Men,65-74,Non-standardised,Unknown/missing,5-years,2013-2017,England,293,43.8,36.6,51.0
Urinary Tract,Men,75-99,Non-standardised,Unknown/missing,5-years,2013-2017,England,734,24.5,19.3,29.8
Urinary Tract,Men,All ages,Non-standardised,Unknown/missing,5-years,2013-2017,England,"1,201",34.4,30.5,38.4
Urinary Tract,Men,All ages,Age-standardised,Unknown/missing,5-years,2013-2017,England,"1,201",:,:,:
Urinary Tract,Men,15-54,Non-standardised,All stages combined,5-years,2013-2017,England,246,59.9,52.5,67.2
Urinary Tract,Men,55-64,Non-standardised,All stages combined,5-years,2013-2017,England,582,53.6,48.6,58.7
Urinary Tract,Men,65-74,Non-standardised,All stages combined,5-years,2013-2017,England,"1,476",44.4,40.9,48.0
Urinary Tract,Men,75-99,Non-standardised,All stages combined,5-years,2013-2017,England,"2,202",32.4,28.8,36.1
Urinary Tract,Men,All ages,Non-standardised,All stages combined,5-years,2013-2017,England,"4,506",40.6,38.3,42.9
Urinary Tract,Men,All ages,Age-standardised,All stages combined,5-years,2013-2017,England,"4,506",44.8,42.6,47.2
Urinary Tract,Women,15-54,Non-standardised,Stage 1,1-year,2013-2017,England,15,93.4,81.2,105.6
Urinary Tract,Women,55-64,Non-standardised,Stage 1,1-year,2013-2017,England,52,98.3,94.6,102.0
Urinary Tract,Women,65-74,Non-standardised,Stage 1,1-year,2013-2017,England,123,96.3,92.4,100.1
Urinary Tract,Women,75-99,Non-standardised,Stage 1,1-year,2013-2017,England,190,90.5,85.3,95.8
Urinary Tract,Women,All ages,Non-standardised,Stage 1,1-year,2013-2017,England,380,93.7,90.6,96.7
Urinary Tract,Women,All ages,Age-standardised,Stage 1,1-year,2013-2017,England,380,94.5,91.4,97.7
Urinary Tract,Women,15-54,Non-standardised,Stage 2,1-year,2013-2017,England,12,91.8,76.8,106.7
Urinary Tract,Women,55-64,Non-standardised,Stage 2,1-year,2013-2017,England,30,96.8,90.5,103.2
Urinary Tract,Women,65-74,Non-standardised,Stage 2,1-year,2013-2017,England,91,95.7,90.9,100.4
Urinary Tract,Women,75-99,Non-standardised,Stage 2,1-year,2013-2017,England,126,86.9,79.8,94.0
Urinary Tract,Women,All ages,Non-standardised,Stage 2,1-year,2013-2017,England,259,91.4,87.4,95.5
Urinary Tract,Women,All ages,Age-standardised,Stage 2,1-year,2013-2017,England,259,92.6,88.6,96.7
Urinary Tract,Women,15-54,Non-standardised,Stage 3,1-year,2013-2017,England,15,86.8,70.2,103.5
Urinary Tract,Women,55-64,Non-standardised,Stage 3,1-year,2013-2017,England,65,92.8,86.3,99.2
Urinary Tract,Women,65-74,Non-standardised,Stage 3,1-year,2013-2017,England,143,83.6,77.3,89.9
Urinary Tract,Women,75-99,Non-standardised,Stage 3,1-year,2013-2017,England,239,80.6,74.9,86.2
Urinary Tract,Women,All ages,Non-standardised,Stage 3,1-year,2013-2017,England,462,83.4,79.7,87.2
Urinary Tract,Women,All ages,Age-standardised,Stage 3,1-year,2013-2017,England,462,85.3,81.2,89.7
Urinary Tract,Women,15-44,Non-standardised,Stage 4,1-year,2013-2017,England,8,:,:,:
Urinary Tract,Women,45-54,Non-standardised,Stage 4,1-year,2013-2017,England,23,52.3,32.4,72.1
Urinary Tract,Women,55-64,Non-standardised,Stage 4,1-year,2013-2017,England,84,38.3,28.0,48.6
Urinary Tract,Women,65-74,Non-standardised,Stage 4,1-year,2013-2017,England,228,48.4,41.9,54.9
Urinary Tract,Women,75-99,Non-standardised,Stage 4,1-year,2013-2017,England,407,27.6,23.1,32.1
Urinary Tract,Women,All ages,Non-standardised,Stage 4,1-year,2013-2017,England,750,35.7,32.2,39.2
Urinary Tract,Women,All ages,Age-standardised,Stage 4,1-year,2013-2017,England,750,:,:,:
Urinary Tract,Women,15-44,Non-standardised,Unstageable,1-year,2013-2017,England,2,:,:,:
Urinary Tract,Women,45-54,Non-standardised,Unstageable,1-year,2013-2017,England,5,:,:,:
Urinary Tract,Women,55-64,Non-standardised,Unstageable,1-year,2013-2017,England,5,:,:,:
Urinary Tract,Women,65-74,Non-standardised,Unstageable,1-year,2013-2017,England,8,:,:,:
Urinary Tract,Women,75-99,Non-standardised,Unstageable,1-year,2013-2017,England,45,47.0,31.9,62.2
Urinary Tract,Women,All ages,Non-standardised,Unstageable,1-year,2013-2017,England,65,49.6,37.1,62.1
Urinary Tract,Women,All ages,Age-standardised,Unstageable,1-year,2013-2017,England,65,:,:,:
Urinary Tract,Women,15-54,Non-standardised,Unknown/missing,1-year,2013-2017,England,25,88.1,75.6,100.6
Urinary Tract,Women,55-64,Non-standardised,Unknown/missing,1-year,2013-2017,England,59,81.8,71.9,91.7
Urinary Tract,Women,65-74,Non-standardised,Unknown/missing,1-year,2013-2017,England,151,73.1,65.9,80.3
Urinary Tract,Women,75-99,Non-standardised,Unknown/missing,1-year,2013-2017,England,484,57.8,53.0,62.7
Urinary Tract,Women,All ages,Non-standardised,Unknown/missing,1-year,2013-2017,England,719,64.1,60.3,67.9
Urinary Tract,Women,All ages,Age-standardised,Unknown/missing,1-year,2013-2017,England,719,72.6,68.8,76.6
Urinary Tract,Women,15-44,Non-standardised,All stages combined,1-year,2013-2017,England,24,58.4,39.2,77.6
Urinary Tract,Women,45-54,Non-standardised,All stages combined,1-year,2013-2017,England,81,75.5,66.1,84.8
Urinary Tract,Women,55-64,Non-standardised,All stages combined,1-year,2013-2017,England,295,76.7,71.8,81.5
Urinary Tract,Women,65-74,Non-standardised,All stages combined,1-year,2013-2017,England,744,74.0,70.7,77.2
Urinary Tract,Women,75-99,Non-standardised,All stages combined,1-year,2013-2017,England,"1,491",59.5,56.8,62.2
Urinary Tract,Women,All ages,Non-standardised,All stages combined,1-year,2013-2017,England,"2,635",66.0,64.1,67.9
Urinary Tract,Women,All ages,Age-standardised,All stages combined,1-year,2013-2017,England,"2,635",69.0,66.6,71.6
Urinary Tract,Women,15-44,Non-standardised,Stage 1,5-years,2013-2017,England,3,:,:,:
Urinary Tract,Women,45-54,Non-standardised,Stage 1,5-years,2013-2017,England,12,:,:,:
Urinary Tract,Women,55-64,Non-standardised,Stage 1,5-years,2013-2017,England,52,:,:,:
Urinary Tract,Women,65-74,Non-standardised,Stage 1,5-years,2013-2017,England,123,76.5,64.6,88.5
Urinary Tract,Women,75-99,Non-standardised,Stage 1,5-years,2013-2017,England,190,67.7,54.2,81.3
Urinary Tract,Women,All ages,Non-standardised,Stage 1,5-years,2013-2017,England,380,75.0,66.8,83.1
Urinary Tract,Women,All ages,Age-standardised,Stage 1,5-years,2013-2017,England,380,:,:,:
Urinary Tract,Women,15-44,Non-standardised,Stage 2,5-years,2013-2017,England,1,:,:,:
Urinary Tract,Women,45-54,Non-standardised,Stage 2,5-years,2013-2017,England,11,:,:,:
Urinary Tract,Women,55-64,Non-standardised,Stage 2,5-years,2013-2017,England,30,:,:,:
Urinary Tract,Women,65-74,Non-standardised,Stage 2,5-years,2013-2017,England,91,59.5,42.3,76.6
Urinary Tract,Women,75-99,Non-standardised,Stage 2,5-years,2013-2017,England,126,57.0,41.3,72.6
Urinary Tract,Women,All ages,Non-standardised,Stage 2,5-years,2013-2017,England,259,59.1,48.6,69.6
Urinary Tract,Women,All ages,Age-standardised,Stage 2,5-years,2013-2017,England,259,:,:,:
Urinary Tract,Women,15-44,Non-standardised,Stage 3,5-years,2013-2017,England,3,:,:,:
Urinary Tract,Women,45-54,Non-standardised,Stage 3,5-years,2013-2017,England,12,:,:,:
Urinary Tract,Women,55-64,Non-standardised,Stage 3,5-years,2013-2017,England,65,:,:,:
Urinary Tract,Women,65-74,Non-standardised,Stage 3,5-years,2013-2017,England,143,44.7,29.9,59.5
Urinary Tract,Women,75-99,Non-standardised,Stage 3,5-years,2013-2017,England,239,49.6,35.0,64.2
Urinary Tract,Women,All ages,Non-standardised,Stage 3,5-years,2013-2017,England,462,51.4,42.2,60.6
Urinary Tract,Women,All ages,Age-standardised,Stage 3,5-years,2013-2017,England,462,:,:,:
Urinary Tract,Women,15-44,Non-standardised,Stage 4,5-years,2013-2017,England,8,:,:,:
Urinary Tract,Women,45-54,Non-standardised,Stage 4,5-years,2013-2017,England,23,:,:,:
Urinary Tract,Women,55-64,Non-standardised,Stage 4,5-years,2013-2017,England,84,:,:,:
Urinary Tract,Women,65-74,Non-standardised,Stage 4,5-years,2013-2017,England,228,17.1,10.8,23.5
Urinary Tract,Women,75-99,Non-standardised,Stage 4,5-years,2013-2017,England,407,:,:,:
Urinary Tract,Women,All ages,Non-standardised,Stage 4,5-years,2013-2017,England,750,10.3,7.1,13.4
Urinary Tract,Women,All ages,Age-standardised,Stage 4,5-years,2013-2017,England,750,:,:,:
Urinary Tract,Women,15-44,Non-standardised,Unstageable,5-years,2013-2017,England,2,:,:,:
Urinary Tract,Women,45-54,Non-standardised,Unstageable,5-years,2013-2017,England,5,:,:,:
Urinary Tract,Women,55-64,Non-standardised,Unstageable,5-years,2013-2017,England,5,:,:,:
Urinary Tract,Women,65-74,Non-standardised,Unstageable,5-years,2013-2017,England,8,:,:,:
Urinary Tract,Women,75-99,Non-standardised,Unstageable,5-years,2013-2017,England,45,:,:,:
Urinary Tract,Women,All ages,Non-standardised,Unstageable,5-years,2013-2017,England,65,:,:,:
Urinary Tract,Women,All ages,Age-standardised,Unstageable,5-years,2013-2017,England,65,:,:,:
Urinary Tract,Women,15-44,Non-standardised,Unknown/missing,5-years,2013-2017,England,7,:,:,:
Urinary Tract,Women,45-54,Non-standardised,Unknown/missing,5-years,2013-2017,England,18,:,:,:
Urinary Tract,Women,55-64,Non-standardised,Unknown/missing,5-years,2013-2017,England,59,:,:,:
Urinary Tract,Women,65-74,Non-standardised,Unknown/missing,5-years,2013-2017,England,151,52.0,42.4,61.6
Urinary Tract,Women,75-99,Non-standardised,Unknown/missing,5-years,2013-2017,England,484,26.7,19.4,34.1
Urinary Tract,Women,All ages,Non-standardised,Unknown/missing,5-years,2013-2017,England,719,36.2,30.4,41.9
Urinary Tract,Women,All ages,Age-standardised,Unknown/missing,5-years,2013-2017,England,719,:,:,:
Urinary Tract,Women,15-44,Non-standardised,All stages combined,5-years,2013-2017,England,24,:,:,:
Urinary Tract,Women,45-54,Non-standardised,All stages combined,5-years,2013-2017,England,81,:,:,:
Urinary Tract,Women,55-64,Non-standardised,All stages combined,5-years,2013-2017,England,295,56.2,48.7,63.6
Urinary Tract,Women,65-74,Non-standardised,All stages combined,5-years,2013-2017,England,744,45.6,40.6,50.5
Urinary Tract,Women,75-99,Non-standardised,All stages combined,5-years,2013-2017,England,"1,491",30.8,26.0,35.5
Urinary Tract,Women,All ages,Non-standardised,All stages combined,5-years,2013-2017,England,"2,635",38.7,35.5,42.0
Urinary Tract,Women,All ages,Age-standardised,All stages combined,5-years,2013-2017,England,"2,635",:,:,:
Urinary Tract,Persons,15-54,Non-standardised,Stage 1,1-year,2013-2017,England,60,98.4,95.2,101.7
Urinary Tract,Persons,55-64,Non-standardised,Stage 1,1-year,2013-2017,England,178,95.6,92.4,98.9
Urinary Tract,Persons,65-74,Non-standardised,Stage 1,1-year,2013-2017,England,405,94.9,92.4,97.4
Urinary Tract,Persons,75-99,Non-standardised,Stage 1,1-year,2013-2017,England,507,91.0,87.7,94.3
Urinary Tract,Persons,All ages,Non-standardised,Stage 1,1-year,2013-2017,England,"1,150",93.5,91.7,95.3
Urinary Tract,Persons,All ages,Age-standardised,Stage 1,1-year,2013-2017,England,"1,150",94.6,93.1,96.1
Urinary Tract,Persons,15-54,Non-standardised,Stage 2,1-year,2013-2017,England,44,95.7,89.6,101.8
Urinary Tract,Persons,55-64,Non-standardised,Stage 2,1-year,2013-2017,England,94,95.3,90.8,99.9
Urinary Tract,Persons,65-74,Non-standardised,Stage 2,1-year,2013-2017,England,277,95.1,92.1,98.0
Urinary Tract,Persons,75-99,Non-standardised,Stage 2,1-year,2013-2017,England,369,89.7,85.8,93.7
Urinary Tract,Persons,All ages,Non-standardised,Stage 2,1-year,2013-2017,England,784,92.7,90.4,94.9
Urinary Tract,Persons,All ages,Age-standardised,Stage 2,1-year,2013-2017,England,784,93.7,91.6,95.8
Urinary Tract,Persons,15-44,Non-standardised,Stage 3,1-year,2013-2017,England,10,80.1,56.7,103.6
Urinary Tract,Persons,45-54,Non-standardised,Stage 3,1-year,2013-2017,England,43,84.0,73.1,94.9
Urinary Tract,Persons,55-64,Non-standardised,Stage 3,1-year,2013-2017,England,179,91.1,86.8,95.5
Urinary Tract,Persons,65-74,Non-standardised,Stage 3,1-year,2013-2017,England,447,85.6,82.2,89.1
Urinary Tract,Persons,75-99,Non-standardised,Stage 3,1-year,2013-2017,England,544,82.4,78.7,86.1
Urinary Tract,Persons,All ages,Non-standardised,Stage 3,1-year,2013-2017,England,"1,223",84.9,82.7,87.1
Urinary Tract,Persons,All ages,Age-standardised,Stage 3,1-year,2013-2017,England,"1,223",85.3,82.5,88.2
Urinary Tract,Persons,15-54,Non-standardised,Stage 4,1-year,2013-2017,England,98,45.0,35.2,54.8
Urinary Tract,Persons,55-64,Non-standardised,Stage 4,1-year,2013-2017,England,231,41.4,35.0,47.8
Urinary Tract,Persons,65-74,Non-standardised,Stage 4,1-year,2013-2017,England,600,42.7,38.7,46.7
Urinary Tract,Persons,75-99,Non-standardised,Stage 4,1-year,2013-2017,England,935,30.7,27.6,33.8
Urinary Tract,Persons,All ages,Non-standardised,Stage 4,1-year,2013-2017,England,"1,864",36.6,34.4,38.9
Urinary Tract,Persons,All ages,Age-standardised,Stage 4,1-year,2013-2017,England,"1,864",38.9,36.4,41.6
Urinary Tract,Persons,15-44,Non-standardised,Unstageable,1-year,2013-2017,England,3,:,:,:
Urinary Tract,Persons,45-54,Non-standardised,Unstageable,1-year,2013-2017,England,13,:,:,:
Urinary Tract,Persons,55-64,Non-standardised,Unstageable,1-year,2013-2017,England,17,71.1,50.0,92.1
Urinary Tract,Persons,65-74,Non-standardised,Unstageable,1-year,2013-2017,England,47,54.2,39.9,68.4
Urinary Tract,Persons,75-99,Non-standardised,Unstageable,1-year,2013-2017,England,120,42.4,33.2,51.7
Urinary Tract,Persons,All ages,Non-standardised,Unstageable,1-year,2013-2017,England,200,47.3,40.1,54.5
Urinary Tract,Persons,All ages,Age-standardised,Unstageable,1-year,2013-2017,England,200,:,:,:
Urinary Tract,Persons,15-44,Non-standardised,Unknown/missing,1-year,2013-2017,England,16,93.8,82.3,105.2
Urinary Tract,Persons,45-54,Non-standardised,Unknown/missing,1-year,2013-2017,England,64,79.9,70.2,89.7
Urinary Tract,Persons,55-64,Non-standardised,Unknown/missing,1-year,2013-2017,England,178,79.2,73.2,85.2
Urinary Tract,Persons,65-74,Non-standardised,Unknown/missing,1-year,2013-2017,England,444,73.6,69.3,77.8
Urinary Tract,Persons,75-99,Non-standardised,Unknown/missing,1-year,2013-2017,England,"1,218",58.4,55.4,61.5
Urinary Tract,Persons,All ages,Non-standardised,Unknown/missing,1-year,2013-2017,England,"1,920",64.9,62.6,67.2
Urinary Tract,Persons,All ages,Age-standardised,Unknown/missing,1-year,2013-2017,England,"1,920",71.9,69.5,74.3
Urinary Tract,Persons,15-44,Non-standardised,All stages combined,1-year,2013-2017,England,71,70.5,60.0,81.0
Urinary Tract,Persons,45-54,Non-standardised,All stages combined,1-year,2013-2017,England,280,75.6,70.5,80.6
Urinary Tract,Persons,55-64,Non-standardised,All stages combined,1-year,2013-2017,England,877,76.6,73.8,79.5
Urinary Tract,Persons,65-74,Non-standardised,All stages combined,1-year,2013-2017,England,"2,220",73.8,71.9,75.7
Urinary Tract,Persons,75-99,Non-standardised,All stages combined,1-year,2013-2017,England,"3,693",62.0,60.3,63.7
Urinary Tract,Persons,All ages,Non-standardised,All stages combined,1-year,2013-2017,England,"7,141",68.1,66.9,69.3
Urinary Tract,Persons,All ages,Age-standardised,All stages combined,1-year,2013-2017,England,"7,141",70.8,69.4,72.1
Urinary Tract,Persons,15-44,Non-standardised,Stage 1,5-years,2013-2017,England,12,:,:,:
Urinary Tract,Persons,45-54,Non-standardised,Stage 1,5-years,2013-2017,England,48,:,:,:
Urinary Tract,Persons,55-64,Non-standardised,Stage 1,5-years,2013-2017,England,178,83.4,75.6,91.2
Urinary Tract,Persons,65-74,Non-standardised,Stage 1,5-years,2013-2017,England,405,77.1,70.5,83.8
Urinary Tract,Persons,75-99,Non-standardised,Stage 1,5-years,2013-2017,England,507,60.3,49.7,70.9
Urinary Tract,Persons,All ages,Non-standardised,Stage 1,5-years,2013-2017,England,"1,150",70.7,64.9,76.6
Urinary Tract,Persons,All ages,Age-standardised,Stage 1,5-years,2013-2017,England,"1,150",:,:,:
Urinary Tract,Persons,15-44,Non-standardised,Stage 2,5-years,2013-2017,England,9,:,:,:
Urinary Tract,Persons,45-54,Non-standardised,Stage 2,5-years,2013-2017,England,35,:,:,:
Urinary Tract,Persons,55-64,Non-standardised,Stage 2,5-years,2013-2017,England,94,65.1,49.7,80.6
Urinary Tract,Persons,65-74,Non-standardised,Stage 2,5-years,2013-2017,England,277,67.1,58.0,76.2
Urinary Tract,Persons,75-99,Non-standardised,Stage 2,5-years,2013-2017,England,369,59.9,49.2,70.6
Urinary Tract,Persons,All ages,Non-standardised,Stage 2,5-years,2013-2017,England,784,64.9,58.7,71.0
Urinary Tract,Persons,All ages,Age-standardised,Stage 2,5-years,2013-2017,England,784,:,:,:
Urinary Tract,Persons,15-44,Non-standardised,Stage 3,5-years,2013-2017,England,10,:,:,:
Urinary Tract,Persons,45-54,Non-standardised,Stage 3,5-years,2013-2017,England,43,:,:,:
Urinary Tract,Persons,55-64,Non-standardised,Stage 3,5-years,2013-2017,England,179,68.3,59.4,77.2
Urinary Tract,Persons,65-74,Non-standardised,Stage 3,5-years,2013-2017,England,447,41.2,33.4,48.9
Urinary Tract,Persons,75-99,Non-standardised,Stage 3,5-years,2013-2017,England,544,48.0,39.6,56.3
Urinary Tract,Persons,All ages,Non-standardised,Stage 3,5-years,2013-2017,England,"1,223",49.4,44.5,54.3
Urinary Tract,Persons,All ages,Age-standardised,Stage 3,5-years,2013-2017,England,"1,223",:,:,:
Urinary Tract,Persons,15-44,Non-standardised,Stage 4,5-years,2013-2017,England,21,:,:,:
Urinary Tract,Persons,45-54,Non-standardised,Stage 4,5-years,2013-2017,England,77,:,:,:
Urinary Tract,Persons,55-64,Non-standardised,Stage 4,5-years,2013-2017,England,231,:,:,:
Urinary Tract,Persons,65-74,Non-standardised,Stage 4,5-years,2013-2017,England,600,15.1,11.2,18.9
Urinary Tract,Persons,75-99,Non-standardised,Stage 4,5-years,2013-2017,England,935,:,:,:
Urinary Tract,Persons,All ages,Non-standardised,Stage 4,5-years,2013-2017,England,"1,864",10.8,8.7,13.0
Urinary Tract,Persons,All ages,Age-standardised,Stage 4,5-years,2013-2017,England,"1,864",:,:,:
Urinary Tract,Persons,15-44,Non-standardised,Unstageable,5-years,2013-2017,England,3,:,:,:
Urinary Tract,Persons,45-54,Non-standardised,Unstageable,5-years,2013-2017,England,13,:,:,:
Urinary Tract,Persons,55-64,Non-standardised,Unstageable,5-years,2013-2017,England,17,:,:,:
Urinary Tract,Persons,65-74,Non-standardised,Unstageable,5-years,2013-2017,England,47,:,:,:
Urinary Tract,Persons,75-99,Non-standardised,Unstageable,5-years,2013-2017,England,120,:,:,:
Urinary Tract,Persons,All ages,Non-standardised,Unstageable,5-years,2013-2017,England,200,:,:,:
Urinary Tract,Persons,All ages,Age-standardised,Unstageable,5-years,2013-2017,England,200,:,:,:
Urinary Tract,Persons,15-44,Non-standardised,Unknown/missing,5-years,2013-2017,England,16,:,:,:
Urinary Tract,Persons,45-54,Non-standardised,Unknown/missing,5-years,2013-2017,England,64,:,:,:
Urinary Tract,Persons,55-64,Non-standardised,Unknown/missing,5-years,2013-2017,England,178,56.3,47.9,64.7
Urinary Tract,Persons,65-74,Non-standardised,Unknown/missing,5-years,2013-2017,England,444,46.6,40.8,52.4
Urinary Tract,Persons,75-99,Non-standardised,Unknown/missing,5-years,2013-2017,England,"1,218",25.5,21.1,30.0
Urinary Tract,Persons,All ages,Non-standardised,Unknown/missing,5-years,2013-2017,England,"1,920",35.1,31.8,38.4
Urinary Tract,Persons,All ages,Age-standardised,Unknown/missing,5-years,2013-2017,England,"1,920",:,:,:
Urinary Tract,Persons,15-54,Non-standardised,All stages combined,5-years,2013-2017,England,351,57.7,51.5,64.0
Urinary Tract,Persons,55-64,Non-standardised,All stages combined,5-years,2013-2017,England,877,54.5,50.3,58.7
Urinary Tract,Persons,65-74,Non-standardised,All stages combined,5-years,2013-2017,England,"2,220",44.9,42.0,47.8
Urinary Tract,Persons,75-99,Non-standardised,All stages combined,5-years,2013-2017,England,"3,693",31.8,28.9,34.7
Urinary Tract,Persons,All ages,Non-standardised,All stages combined,5-years,2013-2017,England,"7,141",39.9,38.0,41.8
Urinary Tract,Persons,All ages,Age-standardised,All stages combined,5-years,2013-2017,England,"7,141",44.5,42.7,46.5
Uterus,Women,15-44,Non-standardised,Stage 1,1-year,2013-2017,England,792,98.9,98.2,99.7
Uterus,Women,45-54,Non-standardised,Stage 1,1-year,2013-2017,England,"3,134",99.1,98.8,99.5
Uterus,Women,55-64,Non-standardised,Stage 1,1-year,2013-2017,England,"7,471",99.4,99.1,99.6
Uterus,Women,65-74,Non-standardised,Stage 1,1-year,2013-2017,England,"8,290",99.2,98.8,99.5
Uterus,Women,75-99,Non-standardised,Stage 1,1-year,2013-2017,England,"5,520",98.3,97.7,99.0
Uterus,Women,All ages,Non-standardised,Stage 1,1-year,2013-2017,England,"25,207",99.0,98.8,99.2
Uterus,Women,All ages,Age-standardised,Stage 1,1-year,2013-2017,England,"25,207",99.0,98.7,99.2
Uterus,Women,15-44,Non-standardised,Stage 2,1-year,2013-2017,England,77,94.9,89.9,99.8
Uterus,Women,45-54,Non-standardised,Stage 2,1-year,2013-2017,England,275,98.0,96.3,99.7
Uterus,Women,55-64,Non-standardised,Stage 2,1-year,2013-2017,England,572,96.5,94.8,98.1
Uterus,Women,65-74,Non-standardised,Stage 2,1-year,2013-2017,England,786,97.0,95.6,98.4
Uterus,Women,75-99,Non-standardised,Stage 2,1-year,2013-2017,England,757,89.7,87.0,92.4
Uterus,Women,All ages,Non-standardised,Stage 2,1-year,2013-2017,England,"2,467",94.7,93.6,95.7
Uterus,Women,All ages,Age-standardised,Stage 2,1-year,2013-2017,England,"2,467",94.7,93.6,95.7
Uterus,Women,15-44,Non-standardised,Stage 3,1-year,2013-2017,England,77,90.9,84.4,97.3
Uterus,Women,45-54,Non-standardised,Stage 3,1-year,2013-2017,England,416,90.8,88.0,93.6
Uterus,Women,55-64,Non-standardised,Stage 3,1-year,2013-2017,England,833,88.7,86.5,90.9
Uterus,Women,65-74,Non-standardised,Stage 3,1-year,2013-2017,England,"1,235",83.9,81.7,86.0
Uterus,Women,75-99,Non-standardised,Stage 3,1-year,2013-2017,England,"1,305",74.5,71.9,77.1
Uterus,Women,All ages,Non-standardised,Stage 3,1-year,2013-2017,England,"3,866",82.6,81.3,83.9
Uterus,Women,All ages,Age-standardised,Stage 3,1-year,2013-2017,England,"3,866",83.3,82.1,84.6
Uterus,Women,15-44,Non-standardised,Stage 4,1-year,2013-2017,England,56,60.8,48.1,73.4
Uterus,Women,45-54,Non-standardised,Stage 4,1-year,2013-2017,England,244,55.7,49.4,61.9
Uterus,Women,55-64,Non-standardised,Stage 4,1-year,2013-2017,England,542,56.1,51.9,60.3
Uterus,Women,65-74,Non-standardised,Stage 4,1-year,2013-2017,England,837,47.7,44.3,51.1
Uterus,Women,75-99,Non-standardised,Stage 4,1-year,2013-2017,England,912,34.0,30.8,37.2
Uterus,Women,All ages,Non-standardised,Stage 4,1-year,2013-2017,England,"2,591",45.7,43.7,47.6
Uterus,Women,All ages,Age-standardised,Stage 4,1-year,2013-2017,England,"2,591",46.5,44.5,48.6
Uterus,Women,15-44,Non-standardised,Unstageable,1-year,2013-2017,England,43,81.5,70.0,92.9
Uterus,Women,45-54,Non-standardised,Unstageable,1-year,2013-2017,England,122,53.4,44.6,62.2
Uterus,Women,55-64,Non-standardised,Unstageable,1-year,2013-2017,England,171,52.9,45.4,60.4
Uterus,Women,65-74,Non-standardised,Unstageable,1-year,2013-2017,England,190,39.7,32.7,46.7
Uterus,Women,75-99,Non-standardised,Unstageable,1-year,2013-2017,England,418,22.5,18.3,26.8
Uterus,Women,All ages,Non-standardised,Unstageable,1-year,2013-2017,England,944,38.1,35.0,41.3
Uterus,Women,All ages,Age-standardised,Unstageable,1-year,2013-2017,England,944,39.2,36.0,42.6
Uterus,Women,15-44,Non-standardised,Unknown/missing,1-year,2013-2017,England,115,94.8,90.7,98.9
Uterus,Women,45-54,Non-standardised,Unknown/missing,1-year,2013-2017,England,299,88.7,85.0,92.3
Uterus,Women,55-64,Non-standardised,Unknown/missing,1-year,2013-2017,England,602,85.4,82.5,88.2
Uterus,Women,65-74,Non-standardised,Unknown/missing,1-year,2013-2017,England,734,76.8,73.6,79.9
Uterus,Women,75-99,Non-standardised,Unknown/missing,1-year,2013-2017,England,"1,271",58.6,55.6,61.5
Uterus,Women,All ages,Non-standardised,Unknown/missing,1-year,2013-2017,England,"3,021",72.7,71.0,74.4
Uterus,Women,All ages,Age-standardised,Unknown/missing,1-year,2013-2017,England,"3,021",75.1,73.5,76.7
Uterus,Women,15-44,Non-standardised,All stages combined,1-year,2013-2017,England,"1,160",95.2,94.0,96.5
Uterus,Women,45-54,Non-standardised,All stages combined,1-year,2013-2017,England,"4,490",94.0,93.3,94.7
Uterus,Women,55-64,Non-standardised,All stages combined,1-year,2013-2017,England,"10,191",94.4,94.0,94.9
Uterus,Women,65-74,Non-standardised,All stages combined,1-year,2013-2017,England,"12,072",91.6,91.1,92.1
Uterus,Women,75-99,Non-standardised,All stages combined,1-year,2013-2017,England,"10,183",80.8,79.9,81.7
Uterus,Women,All ages,Non-standardised,All stages combined,1-year,2013-2017,England,"38,096",89.9,89.5,90.2
Uterus,Women,All ages,Age-standardised,All stages combined,1-year,2013-2017,England,"38,096",89.5,89.1,89.8
Uterus,Women,15-54,Non-standardised,Stage 1,5-years,2013-2017,England,"3,926",96.9,96.1,97.8
Uterus,Women,55-64,Non-standardised,Stage 1,5-years,2013-2017,England,"7,471",95.1,94.3,95.9
Uterus,Women,65-74,Non-standardised,Stage 1,5-years,2013-2017,England,"8,290",91.1,89.9,92.3
Uterus,Women,75-99,Non-standardised,Stage 1,5-years,2013-2017,England,"5,520",87.9,85.5,90.4
Uterus,Women,All ages,Non-standardised,Stage 1,5-years,2013-2017,England,"25,207",92.5,91.8,93.2
Uterus,Women,All ages,Age-standardised,Stage 1,5-years,2013-2017,England,"25,207",92.2,91.3,93.0
Uterus,Women,15-54,Non-standardised,Stage 2,5-years,2013-2017,England,352,88.1,83.6,92.6
Uterus,Women,55-64,Non-standardised,Stage 2,5-years,2013-2017,England,572,83.6,79.4,87.8
Uterus,Women,65-74,Non-standardised,Stage 2,5-years,2013-2017,England,786,74.7,70.0,79.4
Uterus,Women,75-99,Non-standardised,Stage 2,5-years,2013-2017,England,757,59.8,52.0,67.5
Uterus,Women,All ages,Non-standardised,Stage 2,5-years,2013-2017,England,"2,467",74.3,71.2,77.3
Uterus,Women,All ages,Age-standardised,Stage 2,5-years,2013-2017,England,"2,467",74.1,70.9,77.5
Uterus,Women,15-54,Non-standardised,Stage 3,5-years,2013-2017,England,493,70.6,65.2,75.9
Uterus,Women,55-64,Non-standardised,Stage 3,5-years,2013-2017,England,833,58.1,53.4,62.7
Uterus,Women,65-74,Non-standardised,Stage 3,5-years,2013-2017,England,"1,235",44.6,40.7,48.5
Uterus,Women,75-99,Non-standardised,Stage 3,5-years,2013-2017,England,"1,305",34.0,29.4,38.6
Uterus,Women,All ages,Non-standardised,Stage 3,5-years,2013-2017,England,"3,866",47.1,44.8,49.5
Uterus,Women,All ages,Age-standardised,Stage 3,5-years,2013-2017,England,"3,866",47.8,45.4,50.3
Uterus,Women,15-54,Non-standardised,Stage 4,5-years,2013-2017,England,300,23.1,17.1,29.2
Uterus,Women,55-64,Non-standardised,Stage 4,5-years,2013-2017,England,542,20.8,16.4,25.1
Uterus,Women,65-74,Non-standardised,Stage 4,5-years,2013-2017,England,837,15.3,11.8,18.8
Uterus,Women,75-99,Non-standardised,Stage 4,5-years,2013-2017,England,912,8.8,6.0,11.6
Uterus,Women,All ages,Non-standardised,Stage 4,5-years,2013-2017,England,"2,591",14.9,13.0,16.9
Uterus,Women,All ages,Age-standardised,Stage 4,5-years,2013-2017,England,"2,591",15.1,13.2,17.3
Uterus,Women,15-44,Non-standardised,Unstageable,5-years,2013-2017,England,43,:,:,:
Uterus,Women,45-54,Non-standardised,Unstageable,5-years,2013-2017,England,122,30.2,21.3,39.1
Uterus,Women,55-64,Non-standardised,Unstageable,5-years,2013-2017,England,171,32.9,24.8,41.0
Uterus,Women,65-74,Non-standardised,Unstageable,5-years,2013-2017,England,190,:,:,:
Uterus,Women,75-99,Non-standardised,Unstageable,5-years,2013-2017,England,418,:,:,:
Uterus,Women,All ages,Non-standardised,Unstageable,5-years,2013-2017,England,944,22.6,19.4,25.8
Uterus,Women,All ages,Age-standardised,Unstageable,5-years,2013-2017,England,944,:,:,:
Uterus,Women,15-44,Non-standardised,Unknown/missing,5-years,2013-2017,England,115,:,:,:
Uterus,Women,45-54,Non-standardised,Unknown/missing,5-years,2013-2017,England,299,:,:,:
Uterus,Women,55-64,Non-standardised,Unknown/missing,5-years,2013-2017,England,602,73.0,68.7,77.3
Uterus,Women,65-74,Non-standardised,Unknown/missing,5-years,2013-2017,England,734,58.2,53.9,62.6
Uterus,Women,75-99,Non-standardised,Unknown/missing,5-years,2013-2017,England,"1,271",31.2,26.9,35.4
Uterus,Women,All ages,Non-standardised,Unknown/missing,5-years,2013-2017,England,"3,021",53.6,51.2,56.0
Uterus,Women,All ages,Age-standardised,Unknown/missing,5-years,2013-2017,England,"3,021",:,:,:
Uterus,Women,15-44,Non-standardised,All stages combined,5-years,2013-2017,England,"1,160",88.1,85.9,90.3
Uterus,Women,45-54,Non-standardised,All stages combined,5-years,2013-2017,England,"4,490",87.2,86.0,88.4
Uterus,Women,55-64,Non-standardised,All stages combined,5-years,2013-2017,England,"10,191",85.0,84.1,86.0
Uterus,Women,65-74,Non-standardised,All stages combined,5-years,2013-2017,England,"12,072",77.0,75.9,78.1
Uterus,Women,75-99,Non-standardised,All stages combined,5-years,2013-2017,England,"10,183",61.5,59.7,63.3
Uterus,Women,All ages,Non-standardised,All stages combined,5-years,2013-2017,England,"38,096",76.6,75.9,77.2
Uterus,Women,All ages,Age-standardised,All stages combined,5-years,2013-2017,England,"38,096",75.6,74.9,76.4
Vulva,Women,15-54,Non-standardised,Stage 1,1-year,2013-2017,England,544,98.9,97.9,99.8
Vulva,Women,55-64,Non-standardised,Stage 1,1-year,2013-2017,England,449,98.1,96.6,99.5
Vulva,Women,65-74,Non-standardised,Stage 1,1-year,2013-2017,England,521,97.0,95.3,98.8
Vulva,Women,75-99,Non-standardised,Stage 1,1-year,2013-2017,England,952,91.6,89.1,94.0
Vulva,Women,All ages,Non-standardised,Stage 1,1-year,2013-2017,England,"2,466",95.6,94.5,96.7
Vulva,Women,All ages,Age-standardised,Stage 1,1-year,2013-2017,England,"2,466",96.0,95.0,97.0
Vulva,Women,15-44,Non-standardised,Stage 2,1-year,2013-2017,England,11,90.9,74.7,107.1
Vulva,Women,45-54,Non-standardised,Stage 2,1-year,2013-2017,England,32,94.0,85.7,102.2
Vulva,Women,55-64,Non-standardised,Stage 2,1-year,2013-2017,England,46,96.1,90.2,101.9
Vulva,Women,65-74,Non-standardised,Stage 2,1-year,2013-2017,England,69,92.5,85.8,99.2
Vulva,Women,75-99,Non-standardised,Stage 2,1-year,2013-2017,England,121,77.7,69.1,86.3
Vulva,Women,All ages,Non-standardised,Stage 2,1-year,2013-2017,England,279,86.8,82.2,91.3
Vulva,Women,All ages,Age-standardised,Stage 2,1-year,2013-2017,England,279,88.8,84.9,92.7
Vulva,Women,15-44,Non-standardised,Stage 3,1-year,2013-2017,England,34,88.3,77.7,99.0
Vulva,Women,45-54,Non-standardised,Stage 3,1-year,2013-2017,England,72,87.7,80.1,95.3
Vulva,Women,55-64,Non-standardised,Stage 3,1-year,2013-2017,England,108,83.6,76.5,90.7
Vulva,Women,65-74,Non-standardised,Stage 3,1-year,2013-2017,England,189,82.6,77.0,88.1
Vulva,Women,75-99,Non-standardised,Stage 3,1-year,2013-2017,England,337,63.9,58.4,69.5
Vulva,Women,All ages,Non-standardised,Stage 3,1-year,2013-2017,England,740,75.0,71.7,78.3
Vulva,Women,All ages,Age-standardised,Stage 3,1-year,2013-2017,England,740,77.8,74.8,81.0
Vulva,Women,15-54,Non-standardised,Stage 4,1-year,2013-2017,England,28,64.4,47.1,81.8
Vulva,Women,55-64,Non-standardised,Stage 4,1-year,2013-2017,England,51,55.2,41.7,68.7
Vulva,Women,65-74,Non-standardised,Stage 4,1-year,2013-2017,England,69,41.1,29.5,52.6
Vulva,Women,75-99,Non-standardised,Stage 4,1-year,2013-2017,England,159,28.6,21.3,36.0
Vulva,Women,All ages,Non-standardised,Stage 4,1-year,2013-2017,England,307,39.2,33.5,44.8
Vulva,Women,All ages,Age-standardised,Stage 4,1-year,2013-2017,England,307,43.1,37.7,49.3
Vulva,Women,15-44,Non-standardised,Unstageable,1-year,2013-2017,England,6,:,:,:
Vulva,Women,45-54,Non-standardised,Unstageable,1-year,2013-2017,England,24,:,:,:
Vulva,Women,55-64,Non-standardised,Unstageable,1-year,2013-2017,England,23,100.0,100.0,100.0
Vulva,Women,65-74,Non-standardised,Unstageable,1-year,2013-2017,England,45,:,:,:
Vulva,Women,75-99,Non-standardised,Unstageable,1-year,2013-2017,England,78,94.3,87.5,101.0
Vulva,Women,All ages,Non-standardised,Unstageable,1-year,2013-2017,England,176,97.2,93.9,100.4
Vulva,Women,All ages,Age-standardised,Unstageable,1-year,2013-2017,England,176,:,:,:
Vulva,Women,15-44,Non-standardised,Unknown/missing,1-year,2013-2017,England,55,94.6,88.7,100.6
Vulva,Women,45-54,Non-standardised,Unknown/missing,1-year,2013-2017,England,136,95.7,92.3,99.2
Vulva,Women,55-64,Non-standardised,Unknown/missing,1-year,2013-2017,England,188,91.4,87.2,95.5
Vulva,Women,65-74,Non-standardised,Unknown/missing,1-year,2013-2017,England,282,87.6,83.6,91.7
Vulva,Women,75-99,Non-standardised,Unknown/missing,1-year,2013-2017,England,658,60.0,55.9,64.2
Vulva,Women,All ages,Non-standardised,Unknown/missing,1-year,2013-2017,England,"1,319",75.5,73.0,78.1
Vulva,Women,All ages,Age-standardised,Unknown/missing,1-year,2013-2017,England,"1,319",80.6,78.4,82.8
Vulva,Women,15-44,Non-standardised,All stages combined,1-year,2013-2017,England,282,96.2,93.9,98.4
Vulva,Women,45-54,Non-standardised,All stages combined,1-year,2013-2017,England,660,95.5,93.9,97.1
Vulva,Women,55-64,Non-standardised,All stages combined,1-year,2013-2017,England,865,92.3,90.4,94.1
Vulva,Women,65-74,Non-standardised,All stages combined,1-year,2013-2017,England,"1,175",89.0,87.1,90.9
Vulva,Women,75-99,Non-standardised,All stages combined,1-year,2013-2017,England,"2,305",73.7,71.6,75.7
Vulva,Women,All ages,Non-standardised,All stages combined,1-year,2013-2017,England,"5,287",84.0,82.9,85.2
Vulva,Women,All ages,Age-standardised,All stages combined,1-year,2013-2017,England,"5,287",86.1,85.2,87.1
Vulva,Women,15-44,Non-standardised,Stage 1,5-years,2013-2017,England,173,:,:,:
Vulva,Women,45-54,Non-standardised,Stage 1,5-years,2013-2017,England,371,:,:,:
Vulva,Women,55-64,Non-standardised,Stage 1,5-years,2013-2017,England,449,91.0,86.7,95.2
Vulva,Women,65-74,Non-standardised,Stage 1,5-years,2013-2017,England,521,83.0,77.2,88.8
Vulva,Women,75-99,Non-standardised,Stage 1,5-years,2013-2017,England,952,64.5,56.5,72.6
Vulva,Women,All ages,Non-standardised,Stage 1,5-years,2013-2017,England,"2,466",80.6,77.0,84.1
Vulva,Women,All ages,Age-standardised,Stage 1,5-years,2013-2017,England,"2,466",:,:,:
Vulva,Women,15-44,Non-standardised,Stage 2,5-years,2013-2017,England,11,:,:,:
Vulva,Women,45-54,Non-standardised,Stage 2,5-years,2013-2017,England,32,:,:,:
Vulva,Women,55-64,Non-standardised,Stage 2,5-years,2013-2017,England,46,:,:,:
Vulva,Women,65-74,Non-standardised,Stage 2,5-years,2013-2017,England,69,:,:,:
Vulva,Women,75-99,Non-standardised,Stage 2,5-years,2013-2017,England,121,:,:,:
Vulva,Women,All ages,Non-standardised,Stage 2,5-years,2013-2017,England,279,50.6,40.9,60.2
Vulva,Women,All ages,Age-standardised,Stage 2,5-years,2013-2017,England,279,:,:,:
Vulva,Women,15-44,Non-standardised,Stage 3,5-years,2013-2017,England,34,:,:,:
Vulva,Women,45-54,Non-standardised,Stage 3,5-years,2013-2017,England,72,:,:,:
Vulva,Women,55-64,Non-standardised,Stage 3,5-years,2013-2017,England,108,53.7,41.2,66.2
Vulva,Women,65-74,Non-standardised,Stage 3,5-years,2013-2017,England,189,40.5,31.0,50.0
Vulva,Women,75-99,Non-standardised,Stage 3,5-years,2013-2017,England,337,22.8,14.6,30.9
Vulva,Women,All ages,Non-standardised,Stage 3,5-years,2013-2017,England,740,38.0,32.4,43.5
Vulva,Women,All ages,Age-standardised,Stage 3,5-years,2013-2017,England,740,:,:,:
Vulva,Women,15-44,Non-standardised,Stage 4,5-years,2013-2017,England,3,:,:,:
Vulva,Women,45-54,Non-standardised,Stage 4,5-years,2013-2017,England,25,:,:,:
Vulva,Women,55-64,Non-standardised,Stage 4,5-years,2013-2017,England,51,:,:,:
Vulva,Women,65-74,Non-standardised,Stage 4,5-years,2013-2017,England,69,:,:,:
Vulva,Women,75-99,Non-standardised,Stage 4,5-years,2013-2017,England,159,:,:,:
Vulva,Women,All ages,Non-standardised,Stage 4,5-years,2013-2017,England,307,:,:,:
Vulva,Women,All ages,Age-standardised,Stage 4,5-years,2013-2017,England,307,:,:,:
Vulva,Women,15-44,Non-standardised,Unstageable,5-years,2013-2017,England,6,:,:,:
Vulva,Women,45-54,Non-standardised,Unstageable,5-years,2013-2017,England,24,:,:,:
Vulva,Women,55-64,Non-standardised,Unstageable,5-years,2013-2017,England,23,:,:,:
Vulva,Women,65-74,Non-standardised,Unstageable,5-years,2013-2017,England,45,:,:,:
Vulva,Women,75-99,Non-standardised,Unstageable,5-years,2013-2017,England,78,:,:,:
Vulva,Women,All ages,Non-standardised,Unstageable,5-years,2013-2017,England,176,:,:,:
Vulva,Women,All ages,Age-standardised,Unstageable,5-years,2013-2017,England,176,:,:,:
Vulva,Women,15-54,Non-standardised,Unknown/missing,5-years,2013-2017,England,191,89.3,84.2,94.4
Vulva,Women,55-64,Non-standardised,Unknown/missing,5-years,2013-2017,England,188,84.2,77.9,90.5
Vulva,Women,65-74,Non-standardised,Unknown/missing,5-years,2013-2017,England,282,70.7,64.0,77.4
Vulva,Women,75-99,Non-standardised,Unknown/missing,5-years,2013-2017,England,658,43.6,36.8,50.4
Vulva,Women,All ages,Non-standardised,Unknown/missing,5-years,2013-2017,England,"1,319",61.8,57.7,65.9
Vulva,Women,All ages,Age-standardised,Unknown/missing,5-years,2013-2017,England,"1,319",66.9,63.2,70.8
Vulva,Women,15-54,Non-standardised,All stages combined,5-years,2013-2017,England,942,89.0,86.5,91.4
Vulva,Women,55-64,Non-standardised,All stages combined,5-years,2013-2017,England,865,79.9,76.4,83.5
Vulva,Women,65-74,Non-standardised,All stages combined,5-years,2013-2017,England,"1,175",68.0,64.1,71.8
Vulva,Women,75-99,Non-standardised,All stages combined,5-years,2013-2017,England,"2,305",47.9,43.6,52.1
Vulva,Women,All ages,Non-standardised,All stages combined,5-years,2013-2017,England,"5,287",64.9,62.6,67.2
Vulva,Women,All ages,Age-standardised,All stages combined,5-years,2013-2017,England,"5,287",67.1,64.9,69.3